0.0254243 -0.0216276 -0.0291290 -0.2807302 0.0114031 9.8451052 
0.3557189 -0.3257545 0.0522904 -0.2971668 -0.0260306 9.8359947 
0.6071751 -0.4687478 0.0220953 -0.3054752 -0.0189179 9.8572578 
0.7070004 -0.4838319 0.0573449 -0.3045393 -0.0123452 9.8351507 
0.6370242 -0.6203029 -0.0024517 -0.2911484 -0.0143275 9.8457899 
0.6367656 -0.5897337 -0.0249577 -0.2551303 -0.0013778 9.8396826 
0.5833220 -0.4530682 -0.0378752 -0.2894529 -0.0018739 9.8472385 
0.3084253 -0.3250853 -0.0374718 -0.2929225 0.0098268 9.8108597 
0.0731677 -0.0836986 0.0384702 -0.2801151 0.0101095 9.8257580 
-0.1324015 0.1735415 0.0531446 -0.2918005 -0.0212484 9.8354445 
-0.2457599 0.2787670 0.1250156 -0.2879809 -0.0136452 9.8638058 
-0.4979675 0.5210876 0.0877209 -0.2888858 -0.0093229 9.8362617 
-0.5135063 0.6352585 0.0510180 -0.2992023 -0.0074812 9.8315973 
-0.5439885 0.5818412 0.0665886 -0.3016754 0.0037096 9.8360605 
-0.5290505 0.5288752 0.0506718 -0.3015216 -0.0083402 9.8406172 
-0.3226232 0.4840725 0.0601941 -0.2977653 -0.0057905 9.8574581 
-0.2028300 0.2274900 -0.0734888 -0.2887907 -0.0101232 9.8446541 
-0.0712270 -0.0163454 0.0805643 -0.3074063 -0.0104920 9.8532486 
0.0338666 -0.1060177 -0.0364350 -0.3225945 -0.0015839 9.8505821 
0.2620478 -0.2641068 -0.0888904 -0.3033248 0.0032957 9.8516893 
0.4301461 -0.4915493 -0.0569111 -0.2859917 -0.0315188 9.8646145 
0.4750599 -0.5896685 -0.1042078 -0.2945277 -0.0226101 9.8636837 
0.5316392 -0.4467771 0.0847705 -0.2996509 -0.0142965 9.8410749 
0.5062323 -0.5518667 -0.0668858 -0.2797500 0.0021314 9.8562355 
0.4457710 -0.5525352 -0.0198598 -0.2717280 -0.0122598 9.8612642 
0.3473671 -0.3633816 0.0143001 -0.2768929 0.0153794 9.8522739 
0.3085141 -0.2566902 -0.0445636 -0.2806710 0.0082415 9.8287287 
0.0796905 -0.0830271 -0.0449541 -0.2716698 0.0120152 9.8257036 
-0.1330728 0.1663135 0.0001573 -0.2861437 0.0270098 9.8405828 
-0.3302367 0.5068043 0.0530845 -0.2791047 -0.0071877 9.8500204 
-0.6357800 0.7716086 0.0249084 -0.3127287 0.0077647 9.8176203 
-0.7420394 0.7859349 0.0731996 -0.3068911 -0.0078610 9.8454809 
-0.9245481 0.9975690 0.1021376 -0.3185378 -0.0172824 9.8165588 
-0.8574786 0.9304333 -0.0061577 -0.3255422 -0.0127567 9.8455677 
-0.6663776 0.6802523 0.0326134 -0.2965825 -0.0450444 9.8782568 
-0.1637344 0.0978148 0.0004366 -0.2976788 -0.0337384 9.9007359 
0.4535337 -0.4689251 -0.0345418 -0.2817046 -0.0263587 9.8748865 
0.8956463 -0.9455118 -0.0416685 -0.3023783 -0.0155892 9.8681087 
1.0770229 -1.1184443 -0.1536513 -0.2886983 -0.0050825 9.8579721 
1.1095567 -1.1118990 -0.0180054 -0.2745238 -0.0064598 9.8247490 
0.9717454 -0.9526199 -0.0588146 -0.2819059 0.0293333 9.8441925 
0.0265257 -0.0758881 -0.0207339 -0.2406771 0.0092275 9.7832661 
-0.5288484 0.6123742 0.0437942 -0.2920597 -0.0169263 9.8102884 
-0.7575151 0.8620334 0.0438378 -0.2967424 0.0000957 9.8413334 
-0.6887491 0.8623251 0.0420743 -0.2656861 -0.0109561 9.8612204 
-0.5132853 0.7567841 0.0368338 -0.2972796 0.0080428 9.8559246 
-0.6043852 0.5963151 0.1062566 -0.2899950 -0.0117900 9.8416195 
-0.3441487 0.3690163 0.1661667 -0.3291177 -0.0123125 9.8504190 
-0.2405589 0.2042182 -0.0347863 -0.3187896 -0.0235746 9.8488874 
-0.0421102 -0.0609724 -0.0114308 -0.3588560 -0.0039778 9.8412867 
0.1938240 -0.1354368 -0.0710814 -0.3411898 -0.0054958 9.8579016 
0.4934641 -0.4013301 0.0785240 -0.3132797 -0.0243422 9.8566275 
0.5742863 -0.5435314 -0.1215874 -0.2947836 -0.0195732 9.8397121 
0.6596328 -0.6580533 -0.0184402 -0.2791230 -0.0123778 9.8433037 
0.5981261 -0.6885068 -0.0398317 -0.2717856 -0.0062089 9.8595819 
0.5990549 -0.6662478 0.0209464 -0.2682866 -0.0087534 9.8444710 
0.6302164 -0.5980335 0.0509425 -0.2648872 0.0087362 9.8381872 
0.5081287 -0.5302154 0.0545673 -0.2805276 0.0090840 9.8431606 
0.0131746 -0.0086370 0.1012829 -0.2671538 0.0233603 9.8042603 
-0.3688814 0.4688955 0.0385525 -0.2710316 0.0199434 9.8390913 
-0.5513638 0.5968641 0.0820198 -0.2631559 0.0129322 9.8358612 
-0.6515896 0.6806267 0.0093971 -0.2851891 0.0009356 9.8544655 
-0.6731460 0.7405620 0.0937218 -0.2962988 0.0137612 9.8404217 
-0.6055183 0.6807010 0.0233560 -0.3198084 -0.0044653 9.8246593 
-0.6371186 0.6964018 -0.0514724 -0.3056923 -0.0143030 9.8399334 
-0.4601724 0.4682772 0.0636196 -0.3291194 -0.0257862 9.8393335 
-0.1933898 0.2112375 0.0549746 -0.3285064 -0.0147687 9.8509722 
0.2028531 -0.1894781 0.0343869 -0.3042950 -0.0177309 9.8566742 
0.6435780 -0.5587457 -0.0856378 -0.2887136 -0.0051309 9.8579788 
0.8869334 -0.8840563 -0.1244015 -0.2790920 0.0113828 9.8690319 
0.9873115 -1.0287688 -0.0294415 -0.2654636 0.0080988 9.8399811 
1.0849797 -1.0349406 -0.1457003 -0.2808767 -0.0003213 9.8603954 
0.8341880 -0.8011233 -0.0768882 -0.2358075 0.0352291 9.7495022 
-0.4907216 0.5821655 0.0425906 -0.2914468 0.0202399 9.8471060 
-0.8570642 1.0062668 0.0169901 -0.2738889 -0.0130266 9.8234119 
-1.0327637 1.0739216 0.0144172 -0.3058188 -0.0046534 9.8359280 
-1.0776745 1.2176729 0.0544380 -0.3220679 -0.0170783 9.8280239 
-0.9856553 0.9897189 0.1110977 -0.3300317 -0.0388165 9.8577013 
-0.6357362 0.6195261 0.0540249 -0.3177874 -0.0398119 9.8755846 
0.1117324 -0.0989369 0.0601012 -0.3156031 -0.0124287 9.8779316 
0.7978632 -0.8479931 0.0524504 -0.3068744 -0.0397964 9.8796730 
1.2166399 -1.1723307 -0.0060451 -0.2765847 -0.0010653 9.8669462 
1.2391766 -1.3621424 -0.0003632 -0.2670882 -0.0086996 9.8432560 
1.2232195 -1.3237765 -0.0527389 -0.2850272 -0.0255384 9.8436909 
0.5148402 -0.5753045 0.0011063 -0.2315017 0.0565275 9.7787428 
-0.7660460 0.8016934 -0.0018751 -0.2621562 -0.0055201 9.8582983 
-0.8494673 0.9302490 0.0239013 -0.2780919 -0.0002821 9.8369350 
-0.7484790 0.8384184 0.1495036 -0.2621924 -0.0065814 9.8534689 
-0.6813026 0.8016638 0.0413699 -0.2650338 -0.0088327 9.8696766 
-0.3767836 0.5374626 0.0013918 -0.2795092 -0.0153335 9.8636799 
-0.2165751 0.2873145 0.0183277 -0.3044628 -0.0142558 9.8405151 
0.0656187 -0.0153631 0.0240857 -0.3078117 -0.0278185 9.8558922 
0.2408933 -0.1588141 0.0109995 -0.3170522 -0.0139833 9.8490610 
0.3688456 -0.4080696 -0.0849862 -0.3046425 -0.0114311 9.8243504 
0.4833902 -0.3390839 -0.1025861 -0.3083405 -0.0013596 9.8257980 
0.3687000 -0.4688224 -0.0854071 -0.2925460 -0.0067852 9.8321352 
0.3626541 -0.3633406 0.0064294 -0.2905262 -0.0213033 9.8402271 
0.3630175 -0.3027185 0.0220115 -0.3142682 0.0029547 9.8409700 
-0.1339631 0.2885635 -0.0823558 -0.4084079 0.0034868 9.7746344 
-0.1414496 0.0830027 -0.0303479 -0.1228224 -0.0190215 9.7790804 
0.2954600 -0.4786525 0.1285659 -0.2742853 -0.0296562 9.9540653 
0.4554988 -0.2267121 0.0503785 -0.3073870 0.0129184 10.0027523 
0.2719103 -0.1361981 0.0484232 -0.2870438 0.0004490 9.6561575 
0.0271892 0.0378231 0.0027830 -0.3098623 -0.0033729 9.7903156 
-0.0189950 0.0910822 -0.0336086 -0.2665670 -0.0106978 9.8954868 
-0.0093091 0.1811543 0.0880173 -0.2106334 -0.0004772 9.9510155 
0.3720916 -0.2351356 0.1132786 -0.2782505 0.0269095 9.7816067 
0.1030144 0.0309051 -0.0371219 -0.3320843 -0.0096141 9.7946186 
-0.2626193 0.3784919 -0.0101573 -0.3397150 0.0217007 9.8470230 
-0.6133573 0.7263703 -0.0062587 -0.3111209 -0.0316496 9.8209915 
-0.7582167 0.7864038 0.0054467 -0.2814699 -0.0154271 9.8462648 
-0.5371383 0.5899241 -0.0016246 -0.2902925 -0.0271610 9.8587313 
-0.4759495 0.5293235 0.0115167 -0.3459065 -0.0086368 9.8644857 
-0.4292897 0.5138119 0.0708802 -0.3593725 0.0039549 9.7927723 
-0.2327056 0.0976381 -0.0129158 -0.3029083 -0.0366933 9.8550568 
0.4091195 -0.4167448 0.0503309 -0.2683027 -0.0294519 9.9485979 
0.9420724 -0.9913018 0.0023187 -0.2689442 -0.0172062 9.8929720 
1.1923687 -1.1564207 -0.0962279 -0.2922076 0.0038120 9.8149261 
1.2299540 -1.2699600 -0.1207403 -0.3011345 0.0068954 9.8307047 
0.8033344 -0.9227630 -0.0769767 -0.2525946 0.0162744 9.8057680 
-0.5515342 0.6121354 0.0595052 -0.2582039 0.0150536 9.8490658 
-0.8410354 0.9754290 0.0695121 -0.2976591 -0.0089479 9.8002958 
-1.0093068 1.0888946 0.0442928 -0.2968168 -0.0067268 9.8279772 
-1.1318042 1.1874061 0.0101903 -0.3255730 -0.0057437 9.8499222 
-0.9638889 0.9448586 0.0345166 -0.3060866 -0.0084401 9.8664951 
-0.2925511 0.2867560 0.0505113 -0.3015121 -0.0349572 9.8779182 
0.3322380 -0.3407181 0.0148942 -0.2997631 -0.0237347 9.8823395 
0.8726057 -0.8846558 -0.0483701 -0.3044341 -0.0156347 9.8447037 
1.0479665 -0.9445168 -0.0684343 -0.2951317 0.0028389 9.8257618 
1.0557749 -1.1955723 -0.0173505 -0.2913158 -0.0069795 9.8369370 
1.1171440 -1.0889797 -0.0181633 -0.2702100 0.0013262 9.8441057 
0.6758004 -0.6281242 0.0495320 -0.2152998 0.0660530 9.7811890 
-0.6436430 0.7261107 0.0246634 -0.2820180 -0.0204044 9.8503876 
-0.9026394 0.9526731 0.0480616 -0.2878387 0.0009849 9.8298559 
-0.9104530 1.0668286 0.0187444 -0.2889988 -0.0130985 9.8211641 
-0.9333559 1.0743200 0.0193912 -0.3126944 -0.0249373 9.8554125 
-0.7204063 0.7488276 -0.0035451 -0.3065853 -0.0169732 9.8711386 
-0.4519832 0.5288393 0.0941084 -0.3324809 -0.0318053 9.8614807 
-0.0636041 -0.0162969 0.0803703 -0.3224308 -0.0200647 9.8501987 
0.3935881 -0.3938234 0.0432250 -0.3384180 -0.0355429 9.8668671 
0.7823803 -0.7718607 0.0305526 -0.3052644 -0.0178074 9.8813190 
0.9417049 -0.9454172 -0.0201907 -0.3065377 -0.0205350 9.8716612 
1.0258632 -0.9375256 -0.0147073 -0.2845611 -0.0060565 9.8495035 
1.0099782 -0.9600710 -0.0598441 -0.2634805 -0.0057132 9.8444805 
0.8039428 -0.8090373 -0.0610556 -0.2483433 0.0162589 9.8081245 
-0.4445171 0.5973410 0.0642999 -0.2780190 -0.0039032 9.8398581 
-0.7201856 0.7029968 0.0114890 -0.3054284 -0.0010370 9.8149576 
-0.9554408 1.0280480 0.0728336 -0.3118398 -0.0011276 9.8384562 
-1.0326563 0.9901738 0.0290557 -0.3110680 -0.0033699 9.8546295 
-0.8947576 0.8688732 0.0701324 -0.2941555 -0.0155136 9.8451929 
-0.5204539 0.5967712 0.0964751 -0.2992581 -0.0193667 9.8758125 
-0.0791627 -0.0390291 0.0579280 -0.3038610 -0.0206030 9.8980675 
0.5306845 -0.4234061 0.0092610 -0.2903848 -0.0100983 9.8662996 
0.7882124 -0.8088197 -0.0909483 -0.2790856 -0.0141681 9.8444633 
0.9885647 -0.9306608 0.0394563 -0.2929545 -0.0102146 9.8488922 
0.8795849 -1.0287896 -0.0796902 -0.2900906 0.0105686 9.8528986 
0.8968344 -0.7256896 0.0053542 -0.2836828 0.0002094 9.8189678 
0.4616444 -0.4768367 0.0031896 -0.2330897 0.0414046 9.7868557 
-0.4062508 0.5518543 0.0705484 -0.2870264 -0.0075570 9.8404741 
-0.7193140 0.8013576 0.0575575 -0.2944928 0.0104005 9.8349171 
-0.6965972 0.8472199 0.0345549 -0.2846022 -0.0035608 9.8465462 
-0.7798622 0.8387910 0.0896605 -0.2963503 -0.0196359 9.8643608 
-0.7805291 0.7555188 0.0588092 -0.3218719 0.0051065 9.8687372 
-0.5575132 0.6719747 0.1661637 -0.3091734 -0.0111589 9.8562536 
-0.2699845 0.3707084 0.0126755 -0.3133473 -0.0252589 9.8475904 
0.0254878 0.0084690 -0.1111668 -0.3101560 -0.0326980 9.8588219 
0.3469827 -0.2414721 -0.0378001 -0.3289537 -0.0197760 9.8610821 
0.5908496 -0.5518454 -0.0386884 -0.3121063 -0.0061710 9.8696060 
0.6830172 -0.6582235 0.0112706 -0.3252417 0.0014326 9.8278322 
0.6290085 -0.7189783 -0.0105294 -0.2967351 -0.0052226 9.8382244 
0.5686817 -0.5828225 0.0222771 -0.2967132 -0.0070268 9.8387871 
0.4550013 -0.4165753 0.0642937 -0.2877784 -0.0078080 9.8260612 
0.1646967 -0.1744809 0.0355523 -0.2736610 -0.0165210 9.8431644 
-0.1044658 -0.0757399 -0.0932526 -0.2817936 0.0057320 9.8340921 
-0.0177731 0.1436009 0.0500435 -0.2902240 0.0143468 9.8439713 
-0.2459713 0.3321169 0.0951283 -0.2779390 -0.0001270 9.8531618 
-0.2694672 0.3171623 0.0577181 -0.2838258 -0.0092912 9.8596420 
-0.2935495 0.2112767 -0.0030345 -0.2750298 -0.0009698 9.8410959 
-0.0800853 0.2353213 -0.0462461 -0.2882549 0.0022943 9.8491096 
-0.1411159 0.2349906 -0.0370981 -0.2944620 0.0097108 9.8379087 
-0.0873249 0.1665884 -0.0086211 -0.3009338 -0.0052850 9.8400650 
-0.0564780 0.0600724 0.0277477 -0.3024223 -0.0276919 9.8522367 
-0.0255832 0.0980369 0.0423611 -0.2782982 -0.0164655 9.8624392 
0.0885693 0.0912046 0.0090757 -0.2839119 -0.0003010 9.8586245 
0.1498907 -0.1748536 0.0662753 -0.2756158 -0.0079606 9.8355465 
0.3009911 -0.2111481 -0.0440712 -0.2789093 -0.0258476 9.8544474 
0.3316516 -0.3023442 -0.0227551 -0.2905292 -0.0010828 9.8616877 
0.3164967 -0.2416515 -0.0219293 -0.2905973 -0.0049606 9.8507919 
0.1648146 -0.0984816 0.0360103 -0.3041727 0.0010220 9.8246126 
-0.0026683 0.1513973 0.0420692 -0.3183330 0.0208948 9.8137503 
-0.2398628 0.1809878 0.0180683 -0.2990598 -0.0101795 9.8435574 
-0.3838335 0.4914544 0.0542558 -0.3215730 0.0064707 9.8393230 
-0.4680306 0.4835671 0.0488164 -0.2872683 -0.0046847 9.8201151 
-0.4983878 0.5061383 0.0573050 -0.3020226 0.0030151 9.8618879 
-0.3294099 0.4150701 0.1281100 -0.2964351 -0.0095900 9.8663778 
-0.1798066 0.1438773 -0.0519437 -0.2983951 -0.0202247 9.8403378 
0.0500006 -0.1596996 0.0309476 -0.2933238 -0.0144820 9.8716536 
0.3097615 -0.3106602 0.0459467 -0.3017681 -0.0081530 9.8778791 
0.5842729 -0.4840608 0.0300996 -0.2814985 -0.0172163 9.8438339 
0.6979495 -0.6807503 -0.0045006 -0.2949393 0.0209318 9.8627872 
0.0043907 0.1672823 0.0712452 -0.2858884 -0.0196172 9.8439159 
0.0041781 0.1674221 0.0560902 -0.3099070 -0.0311375 9.8445225 
0.0483318 0.0849624 -0.0441381 -0.3000739 -0.0060773 9.8245106 
-0.0659086 0.0005817 -0.0039154 -0.3223631 0.0111117 9.8443222 
0.0572443 0.0842477 0.0389407 -0.2932617 0.0149779 9.8633356 
0.1336135 0.0389592 0.0442827 -0.3167977 -0.0130533 9.8353529 
0.0655447 0.0078226 0.0988556 -0.3019013 -0.0130138 9.8159733 
0.0321629 -0.1123006 -0.0754472 -0.3202970 -0.0238730 9.8375683 
0.0713720 -0.0671106 -0.0155042 -0.2767997 -0.0039870 9.8633776 
0.0185851 -0.0449601 0.0315022 -0.2552220 0.0087562 9.8610182 
0.0269238 -0.0301376 0.0768638 -0.2414280 0.0131461 9.8567619 
0.0175557 -0.0595546 -0.0367771 -0.2400681 -0.0122588 9.8484116 
-0.0727358 0.0076475 0.0494096 -0.2450774 0.0010242 9.8415241 
-0.0113784 0.0458128 0.0556624 -0.2480375 0.0107247 9.8567772 
0.0271338 0.1294519 0.0628326 -0.2370588 -0.0040603 9.8551588 
0.0122432 0.1671689 0.0862339 -0.2720676 0.0126011 9.8690786 
0.0023205 0.0392249 -0.0508442 -0.2768908 -0.0048729 9.8525419 
0.0724997 0.1527776 0.0314612 -0.2993830 0.0064324 9.8463984 
0.0338309 0.0464201 0.0165489 -0.3112951 -0.0155779 9.8412571 
0.0323596 0.0396900 -0.0819697 -0.3259523 -0.0215725 9.8166437 
-0.0358814 0.0694900 -0.0497032 -0.2746312 -0.0009991 9.8411865 
0.0105964 0.0465040 -0.0056026 -0.2751054 -0.0013629 9.8544035 
0.0494981 -0.0221929 0.0535496 -0.3137217 -0.0114896 9.8437700 
-0.0353009 -0.0221238 0.0027466 -0.3515345 -0.0291449 9.7824898 
0.0417126 -0.0982097 0.0532792 -0.3362279 -0.0174637 9.8174295 
0.0873650 -0.0979081 0.0369441 -0.2846414 -0.0156426 9.8517971 
0.0039763 -0.0986688 0.0845626 -0.2575606 -0.0048099 9.8553514 
-0.0274008 -0.1135234 0.0322170 -0.2605827 -0.0053958 9.8541679 
0.0329381 -0.1127847 -0.0223816 -0.2744335 -0.0119634 9.8505678 
0.0493233 -0.0753544 0.0456568 -0.2400284 -0.0094525 9.8550777 
0.0489958 -0.1131868 0.0302506 -0.2552229 -0.0075001 9.8450565 
0.0861541 -0.0059057 -0.0609101 -0.2487532 0.0052117 9.8398457 
0.0466309 -0.0813475 -0.1361873 -0.2567989 0.0063041 9.8195190 
0.0100471 -0.0520643 -0.0289379 -0.2576731 0.0030458 9.8513088 
-0.0427378 0.0005249 0.0106568 -0.2726893 -0.0059576 9.8494730 
0.0950455 0.1074522 0.0078724 -0.2788420 -0.0167056 9.8264780 
0.0269230 0.0078970 0.0695497 -0.2804902 -0.0072899 9.8525286 
0.0032007 0.0387048 0.0097402 -0.2895635 -0.0101906 9.8471527 
0.0263507 -0.0449955 0.0388749 -0.2703987 -0.0044374 9.8380632 
0.0872055 0.0619192 0.0001513 -0.2819059 -0.0113645 9.8266191 
0.0414717 0.0312216 0.0162987 -0.2904198 0.0091042 9.8391476 
0.0036535 -0.0376255 0.0546696 -0.2864998 -0.0091393 9.8531523 
0.0103291 0.0086204 -0.0209730 -0.2802047 0.0121935 9.8379059 
0.0482884 -0.0442967 -0.0298961 -0.2859417 -0.0200498 9.8378983 
0.0946569 -0.0748236 0.0141240 -0.2752330 -0.0039242 9.8387289 
0.1475763 -0.0286286 -0.0323721 -0.2703500 -0.0116028 9.8373184 
0.0191429 -0.0300638 0.0694176 -0.2647429 -0.0021819 9.8650990 
0.0267682 -0.0376257 0.0691719 -0.2566637 -0.0184753 9.8742943 
-0.0656216 0.0080194 0.0188455 -0.2651157 0.0081535 9.8358707 
0.0100622 0.0088132 -0.0286579 -0.2504283 -0.0028669 9.8487206 
0.0803663 -0.0526411 0.0827595 -0.2664109 -0.0131284 9.8709049 
0.0271856 0.1294647 0.0778535 -0.2789632 0.0113869 9.8432961 
0.0190493 -0.1136495 0.0839348 -0.2792569 0.0116237 9.8126574 
-0.0263943 0.0000031 0.0934649 -0.2932330 -0.0148621 9.8398933 
0.0569672 -0.0829100 0.0529335 -0.3055074 -0.0322383 9.8630886 
0.1090667 -0.0666310 -0.0468243 -0.2860563 0.0005498 9.8467426 
-0.0560664 -0.0235157 0.1547871 -0.2857254 0.0181637 9.8350859 
0.0328537 -0.0822891 -0.0298261 -0.2866637 0.0023005 9.8479872 
-0.0063200 -0.0666665 -0.0969026 -0.2636224 0.0003905 9.8585300 
0.0813250 -0.0000146 0.1362556 -0.2557693 -0.0187602 9.8412285 
0.0569552 -0.0600940 0.0455437 -0.2468589 0.0014681 9.8457613 
-0.0804442 0.0000667 0.0495086 -0.2316073 -0.0023865 9.8599491 
-0.0267092 -0.0074456 0.0631956 -0.2647821 -0.0043741 9.8584414 
0.0031425 0.0767696 0.0024053 -0.2632020 0.0020889 9.8405313 
-0.0039194 0.0535632 0.0479101 -0.2631437 -0.0050463 9.8397827 
0.0652814 0.1144494 0.0617531 -0.2830199 -0.0023221 9.8448448 
0.0181702 0.0465541 -0.0133138 -0.2697825 -0.0050391 9.8386450 
-0.0423126 0.0002731 0.0409789 -0.2721973 -0.0009834 9.8423586 
-0.0048051 -0.0143536 -0.0055679 -0.3046647 -0.0177838 9.8375340 
0.1420844 0.0460987 0.0971764 -0.2909186 0.0053340 9.8462849 
0.1182092 -0.0675158 0.0515303 -0.2942869 -0.0168906 9.8512678 
-0.0514345 -0.0597203 -0.0501365 -0.2879855 -0.0147509 9.8181973 
0.0263105 -0.0601881 0.0387950 -0.2787483 0.0004771 9.8526716 
0.1022287 -0.0823833 0.0063814 -0.2624072 -0.0024623 9.8554487 
0.1409719 -0.0445164 0.0359575 -0.2475193 0.0010877 9.8385458 
-0.0360952 0.0696176 -0.0648317 -0.2648023 0.0014815 9.8621702 
-0.0424838 -0.0452581 0.0406264 -0.2638012 0.0020620 9.8411398 
-0.0368535 -0.0287888 -0.1034397 -0.2689034 0.0051807 9.8785124 
0.0739587 0.1899339 0.1226214 -0.2715818 0.0169430 9.8619576 
