0.0816487 -0.1147796 0.0538783 -0.2593946 -0.0041744 9.8215923 
1.4809980 -1.5951568 -0.1373039 -0.3040870 -0.0045716 9.8305159 
1.2076968 -1.3312416 -0.0450496 -0.2966373 -0.0017145 9.7926435 
0.8496408 -1.0976678 -0.0039059 -0.2431449 0.0027571 9.8396654 
0.7663991 -0.8855664 0.0148469 -0.2245006 0.0129832 9.9069910 
0.6818112 -0.6422563 -0.0570458 -0.2157789 0.0458578 9.8408804 
-0.3318755 0.3633298 -0.0163195 -0.2746440 0.0313122 9.7900991 
-0.6742168 0.6727690 0.0476822 -0.2765626 -0.0101984 9.8024817 
-0.8720540 0.8843828 0.0693724 -0.2411683 0.0098366 9.8644314 
-0.9103595 0.8614658 0.0625944 -0.2023357 0.0095417 9.9511652 
-0.5757508 0.5976839 -0.0084668 -0.2463910 -0.0099524 9.8670797 
-0.3309488 0.5301119 0.0227112 -0.2759933 -0.0019647 9.8068533 
-0.4310094 0.4844998 -0.0205051 -0.2855605 -0.0185159 9.7993946 
-0.5381284 0.4917423 -0.0329104 -0.3113023 -0.0412714 9.8616819 
-0.4010349 0.3861284 -0.0523556 -0.2854776 -0.0204307 9.8696623 
-0.1185484 0.1897440 -0.0382372 -0.3276831 0.0052999 9.8333664 
0.0256002 -0.0904110 -0.0666424 -0.3350718 -0.0123473 9.8006268 
0.2473108 -0.2340302 -0.0430430 -0.3047436 -0.0078888 9.8857412 
0.7359677 -0.8401029 0.0158523 -0.2451814 -0.0110784 9.9301434 
1.1382452 -1.0496991 -0.1398968 -0.2396443 0.0170140 9.8417311 
1.3822261 -1.4210075 -0.1184123 -0.2050174 -0.0084035 9.8426571 
1.5817012 -1.5727274 -0.0488725 -0.1865418 0.0168195 9.9066887 
0.7209514 -0.6046693 0.0104865 -0.1216330 0.1368360 9.7432575 
-1.0630537 1.0736324 0.0453888 -0.2371559 0.0035247 9.8354130 
-1.0234990 1.2023014 0.1134455 -0.2272656 0.0221044 9.8783617 
-1.0157822 1.1946881 0.1207879 -0.2725140 -0.0049304 9.8518219 
-1.1225563 1.3234080 0.1168466 -0.2935662 -0.0255879 9.8383884 
-1.1531810 1.4297931 0.0956303 -0.3115764 -0.0300259 9.8432865 
-1.2386689 1.3162292 0.0211876 -0.3528582 -0.0185934 9.8277206 
-0.4146848 0.4915836 0.0472320 -0.3788850 -0.0446227 9.8568926 
0.6601844 -0.6506595 0.0343078 -0.3820102 -0.0356243 9.8541059 
0.8576286 -0.9076742 -0.0104186 -0.3482668 -0.0039604 9.8171606 
0.9879450 -0.9606118 0.0237732 -0.3080970 -0.0000209 9.8582973 
0.9325336 -1.0205445 -0.1040255 -0.2765546 -0.0013884 9.8741693 
0.9341436 -0.8922291 -0.0122015 -0.2604567 -0.0001642 9.8554020 
0.7745854 -0.7869998 0.0381348 -0.2674150 0.0059171 9.8273554 
0.5922248 -0.5374340 0.0748970 -0.2802677 0.0011117 9.8033495 
0.1323599 -0.1354802 -0.0771959 -0.2810548 0.0254435 9.8074665 
-0.2711999 0.2802192 -0.0412016 -0.2725547 0.0132075 9.8648157 
-0.3768612 0.4158385 0.0231539 -0.2997154 0.0404585 9.8878822 
-0.7042829 0.7179497 0.0640327 -0.3439580 0.0284588 9.7913351 
-1.1782396 1.1799582 -0.0114345 -0.3532686 0.0099489 9.7459774 
-1.4832591 1.4520746 -0.0092809 -0.3346457 -0.0523406 9.8045921 
-1.3614820 1.2323625 -0.0140016 -0.3574876 -0.0666158 9.8628187 
0.8037142 -0.9152448 -0.0621279 -0.2026427 -0.0363675 10.0625811 
2.7163646 -2.9344890 -0.1405973 -0.1118714 0.0157753 10.1426592 
3.6700161 -3.5759490 -0.1467671 -0.1230824 0.1081355 9.8141766 
-0.7354760 0.8092855 0.0355066 -0.2767130 0.0357770 9.3214855 
-2.1224270 1.9344141 0.1090476 -0.2019245 -0.0287852 9.8283710 
-1.9159735 2.0797877 0.0818427 -0.3088775 -0.0590319 10.0343475 
-1.8706270 1.9813608 0.0801464 -0.3879206 0.0046641 9.7768698 
0.2106714 -0.2731642 0.0561649 -0.2311005 0.0031681 10.0264311 
2.1091518 -1.8671671 -0.0190622 -0.2687636 0.0072383 10.1296549 
1.5131710 -1.3298367 -0.0526933 -0.5268613 -0.0592888 9.5047407 
0.1244998 -0.2571446 -0.0548013 -0.2816089 -0.0318226 9.5028181 
0.4070928 -0.5827546 -0.0496809 -0.1150808 -0.0221251 10.1515331 
0.8893750 -0.7485179 0.0276279 -0.2124254 0.0074430 10.1567392 
0.9574578 -0.7403145 0.0111020 -0.3000935 0.0632076 9.6191549 
0.4919715 -0.5753195 0.0240795 -0.3195793 0.0259856 9.7543917 
-0.2612962 0.2713262 0.1175432 -0.3288635 -0.0232175 9.8724508 
-0.9633268 0.9825706 0.0877096 -0.2519303 -0.0085356 9.7926483 
-0.8710467 0.8076992 0.1446451 -0.1693131 0.0102555 9.9346161 
-0.6733662 0.7787569 0.0786667 -0.3190333 0.0338671 9.8819408 
-0.8484442 0.9600762 0.1149354 -0.3402627 0.0396739 9.6851740 
-0.7812811 0.7712340 0.0208219 -0.2646610 0.0020677 9.8596983 
-0.7130739 0.7718855 -0.0339778 -0.2710560 -0.0414395 9.9682245 
-0.5816158 0.7562652 0.0839431 -0.2856460 -0.0459964 9.8252592 
0.1035210 -0.0758136 0.0225466 -0.2347733 -0.0299258 9.8617306 
0.5760565 -0.4989159 -0.0078292 -0.3205323 -0.0133466 9.9308481 
0.6808875 -0.5884749 -0.1322973 -0.3595197 0.0070766 9.7838402 
0.7740315 -0.7030130 -0.0142898 -0.2577669 -0.0073463 9.8137608 
0.8880625 -0.9227079 -0.0263774 -0.2346639 -0.0151796 9.8884792 
0.8815815 -0.8017471 0.0352530 -0.2831852 -0.0142105 9.8619509 
0.5384611 -0.4462260 0.0390210 -0.3026921 0.0140513 9.8044443 
0.1797152 -0.0601460 0.0130741 -0.3203226 0.0160509 9.7920456 
-0.2608558 0.3242388 0.1407964 -0.2969462 0.0299996 9.7896929 
-0.4753972 0.5062262 0.0717273 -0.2703188 0.0259204 9.8584452 
-0.7202844 0.8096080 0.0043783 -0.3009956 -0.0053409 9.8376789 
-1.0474721 1.1572014 0.0531534 -0.3115527 -0.0161940 9.7954979 
-1.0626128 1.1038265 0.0682888 -0.3192655 -0.0044070 9.8204575 
-0.8417510 0.9227062 0.0385536 -0.3094075 -0.0246100 9.8860407 
-0.3477088 0.3180147 -0.0541910 -0.2825283 -0.0178876 9.8648767 
0.5450718 -0.6052529 -0.0077998 -0.2553482 -0.0143044 9.8718853 
1.0702673 -1.1037223 -0.0778492 -0.2835950 -0.0130555 9.8842163 
1.1995797 -1.2016848 -0.1045969 -0.2524761 -0.0040035 9.8666611 
1.3542004 -1.3542295 0.0419596 -0.2525908 -0.0007788 9.8577147 
1.2005481 -1.3543742 -0.0071948 -0.2559923 0.0385669 9.8561640 
0.8739479 -0.8778824 0.0652717 -0.2382622 0.0216447 9.7378540 
-0.6964310 0.7711220 0.0792285 -0.2292359 0.0062004 9.8474112 
-0.9024060 0.9906039 0.0708755 -0.2692596 0.0012731 9.8206739 
-1.4676869 1.4900157 0.0207311 -0.3849531 0.0249628 9.7303982 
-1.5737295 1.4813867 0.0763952 -0.1760180 0.0272436 10.0083532 
-0.6725018 0.9760082 0.0951102 -0.2447042 -0.0012277 10.0517216 
-0.7658172 0.9613266 0.0142935 -0.3893700 -0.0592244 9.6908379 
-0.6581790 0.5735215 0.1149039 -0.3320653 -0.0855397 9.6650734 
0.6437815 -0.8173603 -0.0346852 -0.2455941 -0.0508691 10.1005802 
1.5596057 -1.3527657 -0.0315798 -0.3153010 0.0179599 9.9416647 
1.4832712 -1.4368831 0.0079189 -0.3269089 0.0383510 9.6285219 
1.5736437 -1.7474645 -0.0573912 -0.2026390 0.0012280 9.9732237 
1.7047174 -1.7095594 0.0076321 -0.1649860 0.0489609 9.9822407 
-0.7953768 1.0289606 0.0762606 -0.3889626 -0.0366303 9.6282024 
-1.7180367 1.7691708 0.1051387 -0.3045819 0.0239622 9.6153784 
-1.6335711 1.6705112 0.1247157 -0.2775671 -0.0111275 10.0121908 
-1.5505506 1.6638693 0.0619780 -0.3149844 -0.0044921 9.8901205 
-0.9412552 0.8767521 0.0408392 -0.3067769 -0.0456071 9.8254890 
0.5365484 -0.5895231 -0.0757210 -0.3090003 -0.0692767 9.9494133 
1.1243860 -1.2027298 -0.0193125 -0.3308745 -0.0336646 9.8404026 
1.2990856 -1.3534752 -0.0702864 -0.2684786 -0.0032170 9.8337889 
1.4903164 -1.5124797 -0.0384765 -0.2532691 0.0024021 9.9160767 
1.3305665 -1.2930579 -0.0176377 -0.2746603 0.0128451 9.8335829 
1.0476562 -1.0508449 -0.0540014 -0.2092311 0.0588964 9.7803879 
-0.7046286 0.8702797 0.0195253 -0.2688131 0.0104983 9.8118420 
-1.3365717 1.4898249 0.0932269 -0.3168208 -0.0190164 9.8099165 
-1.5807464 1.6254383 0.0929512 -0.2777559 0.0050010 9.8160172 
-1.5657029 1.6941161 0.0627030 -0.3080835 -0.0039894 9.8533964 
-1.3076595 1.2780188 0.0000609 -0.3125251 -0.0219451 9.8765068 
-0.1643106 0.1286666 -0.0374405 -0.3393857 -0.0652907 9.9281635 
1.1088265 -1.0581425 -0.0708652 -0.3015125 -0.0315950 9.8834066 
1.3675107 -1.4442661 -0.0877054 -0.3072693 0.0046997 9.8199139 
1.6581640 -1.6485358 -0.0435798 -0.2441033 -0.0041859 9.8563461 
1.5526253 -1.5738032 0.0429815 -0.2565959 0.0254518 9.9033566 
1.2619923 -1.2859753 -0.0003819 -0.2148044 0.0796630 9.7195702 
-0.7947631 0.9677693 0.1060448 -0.2548082 0.0103586 9.8231039 
-1.2059306 1.3986750 0.1498518 -0.2708921 0.0090044 9.8448792 
-1.3218181 1.5130210 0.0475467 -0.2832276 0.0131591 9.8204527 
-1.4668505 1.5731597 0.0516855 -0.3278152 0.0045628 9.8177233 
-1.6584680 1.5498849 0.0185303 -0.3623341 -0.0225583 9.8409491 
-0.7745696 0.8023051 -0.0549601 -0.3980915 -0.0751070 9.8997173 
1.1467930 -1.1490794 -0.0725195 -0.3682998 -0.0587088 9.8757133 
1.6946280 -1.6625121 -0.1583552 -0.3236258 -0.0167097 9.8562975 
1.7715120 -1.8754269 -0.0936107 -0.2700846 -0.0141766 9.8431864 
1.7795048 -1.9592780 -0.0564926 -0.2307132 -0.0050495 9.8688154 
1.4073595 -1.6505246 0.0690609 -0.1560830 0.0538877 9.7172422 
-0.9936020 1.1115395 0.0742086 -0.2113304 0.0210152 9.9022074 
-1.1921229 1.2855273 0.0653618 -0.2374370 0.0154412 9.8801270 
-1.0321888 1.1496685 0.0450939 -0.2453725 0.0214563 9.8761253 
-1.0703421 1.1950989 0.0464219 -0.2933082 0.0224788 9.8477898 
-1.0776750 1.1872784 0.0692890 -0.3023751 0.0003850 9.8245897 
-0.9486160 1.0134377 0.0344093 -0.3233414 -0.0030795 9.8367491 
-0.5065984 0.5901616 0.0124772 -0.3647586 -0.0515380 9.8752279 
0.3706942 -0.3406455 0.0440187 -0.3243282 -0.0559375 9.8723230 
0.8340285 -0.8997856 -0.0627224 -0.3131060 -0.0035333 9.8342323 
0.9559200 -0.9979215 -0.0740988 -0.3034664 0.0041232 9.8403025 
0.9648480 -1.0214795 0.0164407 -0.2954694 -0.0119416 9.8410902 
0.8800499 -0.9757838 -0.0416025 -0.2867319 0.0122888 9.8306818 
0.6975986 -0.7413654 -0.0125427 -0.3115028 -0.0017261 9.8132162 
0.4309717 -0.3779539 -0.0107200 -0.2747947 0.0005861 9.8693781 
0.1857212 -0.2645020 -0.0717951 -0.2554370 0.0208510 9.8311415 
0.2402005 -0.2876712 -0.0051939 -0.2143745 -0.0062276 9.8728304 
0.2180471 -0.1969735 0.0339008 -0.2312995 0.0181536 9.8927355 
0.1317715 -0.1959621 -0.1079672 -0.2316061 -0.0008634 9.8442812 
-0.0410929 0.1666070 0.0354271 -0.2777583 0.0170963 9.8294973 
-0.4304380 0.5373781 0.0101563 -0.3026063 0.0154987 9.8158951 
-0.8260520 0.9225051 0.0760737 -0.3254265 0.0016851 9.8134375 
-1.2760128 1.2622825 0.0900153 -0.3188334 0.0012695 9.8085546 
-1.3532188 1.3917480 0.0170628 -0.3175860 0.0098345 9.8219433 
-1.2705623 1.3549412 -0.0762821 -0.3372842 0.0096935 9.8437738 
-0.4853735 0.3251414 -0.0582765 -0.3688926 -0.0391335 9.8983698 
0.7654320 -0.8621027 -0.0532642 -0.3538349 -0.0494212 9.8859854 
1.3197966 -1.4661012 -0.2005157 -0.2638906 -0.0280968 9.8494577 
1.8244255 -1.8291836 -0.1326746 -0.2251911 0.0027170 9.8887615 
1.9853929 -2.1178024 -0.0554904 -0.2107384 0.0034705 9.8868275 
1.1998544 -1.2095838 -0.0666291 -0.0694411 0.1135506 9.6268692 
-1.2067919 1.3535751 0.1040033 -0.2190076 0.0017581 9.9037018 
-1.3130169 1.4743595 0.1378959 -0.2306091 -0.0054875 9.8820372 
-1.2146400 1.3688844 0.0815750 -0.2360860 0.0039498 9.8852892 
-1.0611303 1.2170240 0.1523759 -0.2777415 -0.0061343 9.8722830 
-0.7270762 0.9764005 0.0359856 -0.2804852 0.0180126 9.8607922 
-0.5585141 0.7639090 0.0983590 -0.3320386 0.0045372 9.8820686 
-0.3006543 0.6140929 -0.0154178 -0.3601348 -0.0202602 9.8217497 
-0.0495921 0.2279637 -0.0321492 -0.3607107 -0.0226649 9.8223066 
0.2474523 -0.1732525 -0.0426246 -0.3202001 -0.0162473 9.8382530 
0.4380987 -0.3243145 -0.0485741 -0.3370500 -0.0327505 9.8266649 
0.4077798 -0.3854547 -0.0178829 -0.3269777 -0.0315878 9.8085594 
0.4990709 -0.5977756 -0.0141318 -0.2818102 0.0101989 9.8408136 
0.5833868 -0.6355934 0.0061557 -0.2806695 -0.0197659 9.8684254 
0.7438377 -0.7337847 0.0165630 -0.2791800 0.0038347 9.8568773 
0.7591251 -0.7337143 0.0161603 -0.2531459 0.0025923 9.8656006 
0.7748253 -0.8327826 0.0605294 -0.2490415 0.0157350 9.8658304 
0.6137725 -0.5821353 -0.0169510 -0.2473295 0.0119524 9.8519135 
0.4256325 -0.3032993 0.1414295 -0.2602855 0.0295158 9.8385878 
0.1415835 0.0385081 -0.0004057 -0.2619420 0.0035432 9.8290501 
-0.3321668 0.3026636 -0.0318486 -0.2916712 0.0247272 9.8315935 
-0.7042655 0.8396296 0.0497193 -0.2754726 0.0070766 9.8052244 
-0.9119177 0.8699560 -0.0432558 -0.2490931 0.0199213 9.8004141 
-0.8499554 0.8621486 0.0080907 -0.2795814 0.0062077 9.8797626 
-0.8169240 0.9520571 0.1594785 -0.2958542 -0.0176677 9.9208937 
-0.8796349 1.0972357 0.0333238 -0.2925462 -0.0406580 9.8026047 
-0.6503959 0.7864013 0.0783077 -0.2935021 -0.0367157 9.8327417 
-0.3151133 0.3853451 0.0668008 -0.3121915 -0.0368196 9.8972282 
0.0889897 -0.0915287 0.0758042 -0.3125206 -0.0103361 9.8881645 
0.5766941 -0.5221366 0.0451190 -0.2937062 0.0045279 9.8510227 
0.8579698 -0.8851207 0.0050449 -0.2819470 0.0065921 9.8215046 
0.9490038 -0.8690910 -0.0502926 -0.3093639 -0.0015021 9.8486567 
0.7736280 -0.6647391 -0.0519080 -0.3135327 -0.0011011 9.8547163 
0.7737100 -0.5735357 -0.0588157 -0.2669722 0.0087379 9.8123827 
0.5373393 -0.4835851 -0.0369983 -0.2706705 -0.0037926 9.8554277 
0.2708951 -0.1659222 -0.0127258 -0.2914461 0.0026235 9.8335361 
-0.1032677 0.0680797 -0.0241988 -0.2787251 0.0048900 9.8412657 
-0.3225259 0.5068343 0.0678705 -0.2829585 0.0118629 9.8468609 
0.0570172 -0.0301403 -0.0663330 -0.2839181 -0.0074162 9.8434210 
0.0350967 -0.0688752 0.0097554 -0.2891523 -0.0138083 9.8577633 
0.1414637 -0.1364996 -0.0237705 -0.2822419 0.0144682 9.8504658 
0.0059721 0.0213915 0.0945053 -0.2602125 -0.0065868 9.8630276 
0.0047466 0.1894263 -0.0254717 -0.2311257 0.0032222 9.8845606 
0.0203185 0.0219909 0.0260523 -0.2866155 -0.0077124 9.8115854 
0.0194292 -0.2132577 0.0093119 -0.3271698 -0.0012837 9.7400198 
0.0584398 -0.0614110 0.0243864 -0.3155201 -0.0201433 9.9318066 
0.0655617 -0.0458703 -0.0135743 -0.2827023 -0.0124538 9.9646826 
0.0201577 0.1133429 0.0039927 -0.2897896 0.0083360 9.7470503 
0.0579059 0.0529738 -0.0126761 -0.3200942 -0.0234717 9.7665377 
0.0732185 -0.1751097 0.0155516 -0.3365293 -0.0189903 9.8821745 
0.0424575 -0.0990993 -0.0057935 -0.2548284 0.0162391 9.8802700 
0.0201091 -0.0387063 0.0255334 -0.2175833 -0.0068863 9.8415556 
-0.0271388 -0.0304468 -0.0717513 -0.2611041 0.0191982 9.8575602 
-0.0042771 -0.1292055 -0.0653633 -0.2558722 0.0146361 9.8309660 
-0.1034198 -0.0080689 -0.0695352 -0.2526051 0.0000128 9.8432493 
-0.0265321 0.0071870 -0.0410848 -0.2388566 0.0126646 9.8421698 
0.0058874 -0.0013977 0.0868477 -0.2734354 -0.0224245 9.8514099 
0.0203757 0.0752100 0.0187834 -0.2924587 0.0143685 9.8529654 
-0.0724397 0.0450784 -0.0472802 -0.2954874 -0.0048388 9.8339739 
0.0273046 0.1289189 -0.0340923 -0.3101529 -0.0003511 9.8185911 
0.0511986 0.0295718 0.0479620 -0.2924446 -0.0008241 9.8406363 
-0.0195722 -0.0303746 -0.0794811 -0.2747583 0.0068993 9.8682585 
0.0359706 0.0446796 0.0484417 -0.2885546 0.0065831 9.8762035 
-0.0407394 0.0445192 0.0277129 -0.2850178 -0.0192754 9.8419790 
0.0132357 0.0216352 0.0640656 -0.3088259 0.0034233 9.8342781 
0.0275073 -0.0309303 0.0027176 -0.2699886 0.0042188 9.8591385 
-0.0101250 -0.0314456 0.0415569 -0.2483023 0.0003894 9.8522291 
0.0890506 -0.0537259 0.0312693 -0.2617545 -0.0293574 9.8679752 
0.0735011 0.0224212 0.0018916 -0.2689198 0.0017052 9.8422499 
0.0579490 0.0681570 -0.0201650 -0.2587772 0.0177344 9.8466883 
0.1428106 0.0908457 0.0308793 -0.2681644 0.0029835 9.8603001 
0.0129220 0.1739518 0.0196264 -0.2808158 -0.0134227 9.8462677 
0.0291224 0.0974169 0.0944422 -0.2840307 0.0004740 9.8387756 
0.0355424 0.0601492 0.0182513 -0.2835324 -0.0050402 9.8224316 
0.0279840 0.1209279 0.0188058 -0.2791972 -0.0036489 9.8368435 
0.0193322 0.0226275 -0.0347043 -0.3112834 0.0138760 9.8417387 
0.0045273 0.1287470 -0.0184224 -0.2925939 0.0181062 9.8446407 
0.0417723 0.0078010 -0.0657122 -0.2874379 0.0067620 9.8683910 
0.0121026 -0.0308973 0.0029995 -0.2694474 -0.0108260 9.8402023 
0.0274340 0.0831989 -0.0192381 -0.2718611 0.0037767 9.8525400 
0.0653957 0.0683109 -0.0354975 -0.2815077 0.0013696 9.8507853 
-0.0044765 -0.0149916 -0.0948940 -0.2686841 -0.0065279 9.8595057 
-0.0033236 0.0831880 -0.0336263 -0.2762624 -0.0218448 9.8724861 
0.0441110 -0.0240457 0.0932482 -0.2598424 0.0068959 9.8506794 
0.0052097 0.0903019 0.0268312 -0.3019998 -0.0017313 9.8497276 
0.0209926 0.0900547 0.0643312 -0.2868544 -0.0366797 9.8230114 
0.0360097 0.1511364 0.0340387 -0.3026937 -0.0090484 9.8333588 
0.0131709 -0.0391520 0.0711747 -0.3014706 0.0031165 9.8468180 
0.0349953 0.0224464 -0.0122856 -0.2980389 0.0042458 9.8281784 
-0.0097748 -0.0012096 0.0644636 -0.3122937 0.0011983 9.8486910 
0.0595028 -0.0164418 0.1004992 -0.2664746 -0.0036198 9.8409147 
0.0806459 0.1064146 -0.0431821 -0.2720523 0.0002418 9.8290329 
-0.0174994 0.0063952 0.0571693 -0.2681337 -0.0063764 9.8540945 
0.0042000 0.0452561 -0.0340639 -0.2343304 0.0042611 9.8665905 
0.0520103 0.1203409 0.0864707 -0.2532070 0.0208895 9.8641214 
0.0353163 0.1135085 -0.0041048 -0.2522158 0.0255195 9.8467846 
-0.0177568 0.0065688 0.0419621 -0.2818848 -0.0068638 9.8674479 
-0.0100903 -0.0238366 0.0491261 -0.2663657 -0.0179144 9.8394194 
