0.0178480 0.0472627 0.0984998 -0.3173385 -0.0860252 9.8063583 
0.0004420 0.0636831 -0.0525484 -0.2744933 0.0263242 9.8527145 
0.0232038 0.0182388 -0.0534092 -0.2673371 0.0074303 9.8258104 
-0.0298519 0.0405890 -0.0292157 -0.3304197 -0.0047758 9.8412218 
0.0001840 -0.1947530 -0.0240074 -0.2880072 0.0025007 9.8042860 
-0.0140690 -0.0204984 0.0154556 -0.3128304 -0.0002689 9.8555584 
0.0388075 -0.0503138 -0.0240220 -0.3078464 -0.0000940 9.8723373 
0.0319539 -0.0660612 0.0291789 -0.2599177 0.0070473 9.8431492 
0.0159219 -0.0656699 -0.0234664 -0.2812611 0.0000433 9.8756704 
-0.0141104 -0.1117580 0.0224657 -0.2824652 -0.0040395 9.8719931 
0.0855953 -0.1115874 0.0502773 -0.2440897 0.0154149 9.8028994 
0.0086906 0.0100998 -0.0075787 -0.2478904 -0.0089740 9.8871641 
0.0623222 0.0254525 -0.0012827 -0.2446957 0.0096667 9.8604755 
0.0922690 -0.0577144 -0.0253543 -0.2475546 0.0143552 9.8185387 
0.0716747 0.1613585 0.0979568 -0.2737986 -0.0046777 9.8316317 
0.0722708 0.0393185 0.1577079 -0.2755364 0.0096363 9.8529778 
-0.0517852 -0.0590078 0.0541115 -0.2785379 -0.0072773 9.8382359 
0.0557426 -0.0512691 0.0892839 -0.3021364 0.0130947 9.8503151 
0.0020194 0.0018593 0.0608071 -0.2936252 -0.0165954 9.8273754 
0.0848780 0.0485831 -0.0319572 -0.3053309 0.0107328 9.8280592 
-0.0529260 -0.0051024 -0.0363631 -0.3175689 0.0186837 9.8175316 
-0.0072173 -0.0352323 -0.0453516 -0.2772993 0.0159533 9.8627357 
0.1460360 -0.1108946 -0.0043149 -0.2771012 0.0008747 9.8690319 
-0.0222259 -0.1571209 0.0071111 -0.2798564 -0.0105513 9.8249683 
0.1146275 0.0112035 -0.0710114 -0.2600680 0.0050275 9.8274937 
-0.0069575 -0.0885896 -0.0079797 -0.2288146 -0.0025057 9.8714886 
0.0634064 -0.1120819 0.1037296 -0.2487044 0.0066028 9.8820944 
0.0329739 0.0017880 0.0977738 -0.2484022 -0.0012707 9.8428688 
0.0013278 0.0251119 0.0154172 -0.2498667 0.0279688 9.8428831 
0.0169757 0.0325783 0.0377808 -0.2590860 0.0104259 9.8714581 
0.0089710 0.0631843 0.0078845 -0.2724119 -0.0069482 9.8490000 
-0.0363375 0.1158901 0.0397577 -0.2641732 0.0000788 9.8340387 
0.0693270 -0.0729754 -0.0249615 -0.2893665 0.0041505 9.8530073 
0.0550167 0.0252282 0.0291885 -0.2989891 0.0022576 9.8542681 
0.0313775 -0.0885583 -0.0087816 -0.2672570 0.0143055 9.8385620 
0.0546771 -0.0810735 0.0134024 -0.2761158 0.0015103 9.8461990 
-0.0219250 -0.0356396 -0.0070730 -0.2602646 -0.0127894 9.8499489 
0.0929335 -0.0124892 0.0053374 -0.2372936 -0.0145035 9.8532858 
0.0173631 0.0170976 0.0605279 -0.2652070 0.0072574 9.8570232 
-0.0142374 0.0252138 -0.0069009 -0.2539032 0.0187384 9.8529463 
0.0625892 -0.0279458 0.0286539 -0.2397115 0.0011024 9.8692627 
0.0553769 0.0021901 0.0517847 -0.2372022 -0.0090272 9.8696289 
-0.0976595 0.0472960 0.0332899 -0.2461519 -0.0314475 9.8584394 
-0.0283124 0.1917530 0.0476579 -0.2594589 -0.0145907 9.8709421 
0.0037572 0.2061692 0.1530888 -0.2673988 0.0088097 9.8198271 
-0.0111729 0.1602641 0.1834505 -0.2768991 0.0187788 9.8453684 
-0.2240783 0.3108068 0.2353744 -0.3524105 0.0969865 9.9096479 
0.0952648 -0.0822589 0.1789696 -0.3302611 -0.1235932 9.8694067 
-0.2784071 0.4175394 0.1618347 -0.2669244 0.0276490 9.6976242 
0.1244818 -0.0585432 0.0799449 -0.3356066 -0.0308239 9.9663200 
0.0693800 -0.0806891 -0.0172376 -0.3311462 0.0605799 9.6989517 
0.2978734 -0.3606080 -0.0403627 -0.2830937 0.0181532 9.8898811 
0.0144582 -0.0344030 -0.1292338 -0.2849012 0.0163318 9.8249626 
-0.0534009 -0.0808531 -0.0596482 -0.3022447 -0.0050706 9.8835869 
0.0398801 0.0250580 0.0296521 -0.2669889 0.0007638 9.8539038 
0.0393796 -0.1647954 0.0283643 -0.2675162 -0.0064248 9.8549623 
-0.0298084 -0.0887772 -0.0148323 -0.2571041 0.0065753 9.8839693 
0.0404766 0.0779334 0.0603212 -0.2462783 0.0049994 9.8790197 
-0.0141728 -0.0585125 0.0077561 -0.2532840 0.0106317 9.8455563 
-0.0064591 -0.0357009 0.0076949 -0.2657797 0.0262730 9.8153591 
-0.0148069 0.1244310 -0.0668031 -0.2904357 0.0044206 9.8662376 
0.0552411 0.0326833 0.0368780 -0.3035333 0.0345808 9.8501692 
0.0303658 -0.0803301 -0.0769386 -0.2933683 0.0145665 9.8214083 
-0.0068522 -0.0126168 -0.0224990 -0.3301871 0.0016404 9.8701897 
0.0380373 -0.0270711 -0.0843577 -0.3198303 0.0211272 9.8362350 
0.0682377 -0.0419532 -0.1079035 -0.2971843 0.0046630 9.7905922 
0.0467232 0.0255637 -0.0235200 -0.2748681 -0.0113795 9.8381081 
0.0160610 -0.1646445 -0.0013823 -0.2795531 0.0073693 9.8709927 
0.0002379 -0.1111648 -0.0460300 -0.2303022 0.0123852 9.8531694 
-0.0423068 -0.1209574 0.1823585 -0.2053671 0.0061865 9.8684120 
0.0631165 0.0553762 0.0444694 -0.2045155 -0.0183250 9.8709011 
-0.0435330 0.0547082 0.0699594 -0.1889741 -0.0044514 9.8692274 
-0.0278205 0.1610051 0.0778319 -0.2030564 -0.0050742 9.9102201 
-0.0192180 0.1756581 0.1459509 -0.2296854 0.0210679 9.8629580 
-0.0882879 0.3276344 0.1033257 -0.2286590 0.0302939 9.8529224 
0.0559948 0.1690900 0.0682482 -0.2387522 0.0123383 9.8526535 
-0.2563336 0.5171188 0.0708585 -0.4432849 -0.0365190 9.9931374 
0.3444313 0.0574164 -0.0384731 -0.3906285 0.0187950 9.6842718 
-0.0448555 0.0022683 0.0014371 -0.3520591 0.0185337 9.6165714 
-0.0081146 -0.1563250 -0.0994094 -0.2660268 -0.0285491 10.0539970 
0.0713957 0.1311183 0.0749183 -0.3936241 0.0926903 9.9478321 
-0.0612964 0.0941706 -0.0884418 -0.4012575 0.0348601 9.6606760 
-0.0307535 -0.1870677 -0.0533098 -0.2767693 -0.0501745 9.7285614 
-0.3259878 0.2587138 0.0556538 -0.3240433 0.1135683 10.0533199 
-1.9683099 1.4758083 -0.0372556 -0.5432829 -0.1364814 9.2144938 
0.2224870 0.0794708 -0.0199450 -0.2238725 0.1842481 9.2371120 
-1.6593755 0.3034258 0.4325618 0.2067106 0.0277446 10.8477859 
-1.1219207 2.5860379 0.2379448 -0.1853809 0.0534545 7.1974959 
4.0419202 -4.8876681 0.0736825 -0.4860309 0.0591685 9.2708426 
0.9243455 -0.0616563 -0.0075811 -0.1126966 -0.2218012 8.1044664 
-4.0592394 3.7574711 0.2972661 -0.0574662 -0.1967367 10.6998034 
-0.2186706 0.2058356 0.0902925 -0.5178666 0.0761247 10.0623293 
4.4696541 -4.0113912 -0.0517591 -0.3019420 0.2211602 9.4369736 
-0.7600427 1.0390537 0.0880558 -0.0766658 0.2348508 9.5413313 
-1.3158443 1.5453924 0.0976020 -0.3031772 -0.1769610 10.1282263 
-0.4489027 0.3879662 -0.0006993 -0.3658477 -0.2765508 9.8491774 
0.3747456 0.1263060 -0.0922165 -0.4979509 -0.0178815 9.9724474 
1.3395426 -1.4938080 -0.2266439 -0.4229445 0.0504769 9.8048353 
0.6250327 -0.6247431 -0.0730137 -0.1392873 0.2417073 9.5589304 
-0.0833687 -0.0509153 -0.0283947 -0.3254707 0.0288023 9.9476185 
0.2919360 -0.1638260 0.0292269 -0.4019784 -0.1153180 10.0734119 
0.0786852 0.0324341 0.0819964 -0.2215544 -0.1093792 9.6408415 
0.0024851 -0.1505618 0.1357160 -0.3684134 -0.0522525 9.5407562 
0.0301311 -0.3996385 -0.0489039 -0.2726396 0.0693987 9.9599400 
0.0478291 -0.0663369 0.0437539 -0.2128097 0.0888707 10.1802731 
-0.0354611 0.2369949 0.0710207 -0.1620549 0.0492495 9.8971062 
-0.1203866 0.0774531 0.0494507 -0.3153378 -0.0523128 9.6664095 
-0.0439471 0.0169919 0.0469248 -0.3529430 -0.0872176 9.8649750 
-0.0073604 -0.0807793 -0.0456764 -0.2700760 -0.0181991 9.8920040 
-0.0222152 0.0329528 -0.0293055 -0.2693513 0.0597344 9.7896490 
0.1158830 -0.0352378 0.0120996 -0.2438519 0.0798558 9.8895588 
0.0621612 0.0787881 -0.0236623 -0.3431970 0.0287101 9.9237623 
0.0699459 0.0787243 -0.0085998 -0.2787637 -0.0159593 9.7419081 
-0.0060982 -0.0435029 0.0379313 -0.2560280 -0.0384225 9.8277473 
0.1388904 0.0637423 -0.0030314 -0.3013640 -0.0082089 9.9105577 
0.0696641 0.0104575 -0.0167355 -0.3337625 0.0176803 9.8272934 
0.0315862 -0.1495501 0.0287102 -0.3090183 0.0397863 9.7229385 
0.0228629 -0.0271861 -0.0764308 -0.3132025 -0.0084617 9.8073139 
0.0547173 -0.1875202 0.0352814 -0.2599889 -0.0536718 9.9043913 
0.0468728 -0.2026821 0.0278784 -0.2009026 -0.0625228 9.8290939 
-0.0064269 -0.0813469 0.0225110 -0.1785911 0.0067475 9.8315020 
0.0549573 -0.1649125 0.0506412 -0.1688423 0.0379240 9.8717079 
-0.0592557 0.2146703 0.0106490 -0.2038503 0.0634177 10.0210190 
-0.0284876 0.2374931 0.0327871 -0.2141151 0.0004885 9.8972387 
-0.0112463 0.1678894 0.1911625 -0.2105124 0.0032886 9.7079697 
-0.1129683 0.1081573 0.0187457 -0.3508458 -0.0137758 9.9686403 
0.0328196 0.1996475 0.0536397 -0.3713397 -0.0071118 9.8500042 
-0.0918318 0.0636004 -0.0728077 -0.3567249 0.0406017 9.6567450 
-0.0928470 -0.0421951 -0.1419146 -0.4084429 0.0457752 9.8689013 
0.0686536 -0.0649288 -0.0780417 -0.3802200 0.0127864 9.9496555 
0.0985032 -0.1404789 -0.1018872 -0.3500147 -0.0047303 9.7470770 
0.0151498 -0.1412518 -0.0542926 -0.2983939 -0.0105587 9.7776804 
0.0617928 -0.1795538 -0.0027727 -0.2658761 -0.0083072 9.9005852 
-0.0073022 -0.1340296 -0.0309698 -0.1969431 -0.0106002 9.9154615 
0.0326147 -0.0817083 0.0746248 -0.1308082 -0.0053663 9.8956623 
-0.1102014 0.0987576 0.2084130 -0.0387658 -0.0056915 9.9319773 
-0.1158765 0.4550278 0.2791876 -0.0526183 -0.0057918 9.9976168 
-0.0915335 0.7052655 0.3409346 -0.1733275 0.0126405 9.9457417 
-0.0632243 0.6078700 0.2107471 -0.2949031 0.0416205 9.8129692 
-0.1258811 0.6465560 0.0989367 -0.3053177 0.0083127 9.7637100 
-0.1188479 0.5329249 0.0675223 -0.3946294 0.0107940 9.8896599 
0.0093948 0.2758560 0.0018826 -0.4279602 0.0236491 9.7592640 
0.0156037 0.2843794 -0.0967639 -0.5065536 0.0212491 9.7389803 
0.0909762 0.0039377 -0.1234073 -0.5324945 0.0018942 9.7202148 
0.1887833 -0.2685001 -0.1809342 -0.4972025 -0.0051763 9.7467585 
0.0888202 -0.3750412 -0.2093996 -0.3113752 -0.0149239 9.8035593 
0.1194989 -0.4282117 -0.2030433 -0.2470355 -0.0102857 9.9129705 
0.1223094 -0.2701907 -0.0352560 -0.2088149 -0.0245651 9.9219017 
0.0396433 -0.1573462 0.0511219 -0.1621795 0.0059247 9.8439388 
-0.0054585 -0.1047393 0.0905171 -0.1483827 -0.0088095 9.8849573 
-0.1731107 0.0387891 0.1033034 -0.1449186 -0.0008064 9.9409790 
-0.0498630 0.1451958 0.1539479 -0.1564976 0.0104799 9.9395266 
-0.1342282 0.3351664 0.1043739 -0.2135235 -0.0169183 9.8794479 
-0.0436110 0.3286004 0.0338069 -0.3064980 0.0034935 9.8279333 
0.0238773 0.2612418 -0.0442314 -0.3757423 0.0322210 9.8057947 
0.0161915 0.1775323 -0.0369076 -0.3842675 0.0208645 9.7846060 
0.0624142 0.1318842 -0.0081222 -0.3534365 0.0208991 9.7915039 
0.0910307 0.0419247 -0.1307644 -0.3427620 0.0052769 9.8205175 
0.1586591 -0.1396352 -0.1792082 -0.3261223 -0.0252235 9.8281307 
0.1286845 -0.1249141 -0.1404185 -0.3065607 0.0060951 9.8219700 
0.0461504 -0.1490044 -0.0323871 -0.2643955 -0.0119697 9.8614302 
0.0231855 -0.1338685 -0.0392754 -0.2388985 -0.0116574 9.8786039 
-0.0376935 0.0102235 -0.0442806 -0.2125084 -0.0197611 9.8547325 
-0.0295136 0.0099257 -0.0065805 -0.2185843 0.0093712 9.8782320 
0.0017819 -0.0512236 0.0528048 -0.2216589 0.0159041 9.8783979 
-0.0208082 0.0853784 0.0543362 -0.2500612 0.0140997 9.8714380 
-0.0733031 0.1529911 0.1168230 -0.2782430 0.0052300 9.8174582 
0.0096975 0.1159766 0.0461777 -0.3143117 0.0081100 9.8335075 
0.0629021 0.1315933 0.0221675 -0.3240755 -0.0096007 9.8680944 
0.1391481 0.0027123 0.0345082 -0.3357531 0.0123602 9.8031664 
-0.0769915 -0.0881580 -0.0969997 -0.3381103 0.0150933 9.8116598 
0.1306137 -0.1032354 -0.0115509 -0.3259299 0.0258744 9.8345957 
0.0759135 -0.1027517 -0.0934801 -0.2760456 -0.0167782 9.8374138 
0.0008052 -0.1266729 -0.0007751 -0.2555031 -0.0033583 9.8537073 
0.0477810 -0.0282914 0.0593337 -0.2261555 -0.0199343 9.8789063 
0.0104320 -0.0746198 0.1282227 -0.1885695 -0.0010687 9.8530750 
-0.0193285 0.0236173 0.1600455 -0.1663480 0.0000835 9.9057474 
-0.0424706 0.1985840 0.1163567 -0.2027871 0.0225893 9.9017754 
0.0412865 0.1686771 0.1064944 -0.2317141 0.0059758 9.8254089 
-0.0503272 0.1454475 0.1162280 -0.2834588 -0.0110345 9.8231792 
0.0494741 0.2216589 0.1293028 -0.2934795 0.0126453 9.8706427 
-0.0292611 0.2379672 -0.0278027 -0.2951785 0.0174855 9.8881922 
0.0784087 0.1695396 0.0372303 -0.3522947 0.0100361 9.7744427 
-0.1136525 0.1617390 -0.0261092 -0.4217516 -0.0041664 9.7520199 
-0.0063989 -0.1041491 0.0298831 -0.3762370 -0.0080889 9.7767153 
0.0834055 -0.2167074 -0.0869028 -0.3301224 -0.0247224 9.8522196 
0.1546205 -0.1418377 0.0633783 -0.2064383 0.0057329 9.8834419 
0.0330361 -0.0743496 0.0973871 -0.1571191 0.0060374 9.9304142 
-0.0500810 0.1376851 0.1313168 -0.2174084 0.0106841 9.8752375 
-0.1332260 0.1900099 0.1868605 -0.2301865 0.0300762 9.8823786 
-0.0595550 0.1615642 0.0029152 -0.1979926 -0.0051805 9.8717079 
-0.0255415 0.2508946 0.2224449 -0.1724104 -0.0016190 9.9009666 
-0.0788911 0.2658296 0.2313695 -0.2564313 -0.0081275 9.9413509 
-0.1338095 0.4033360 0.1201043 -0.3230384 0.0140634 9.8096828 
0.0014974 0.2151442 0.0016485 -0.4352082 0.0299103 9.7017822 
-0.1045852 0.0924770 0.0792267 -0.4397743 0.0344414 9.7968674 
0.1151362 0.0413262 -0.0480287 -0.4180872 -0.0105872 9.8137436 
-0.0683825 0.0254044 -0.0509931 -0.4011909 -0.0145507 9.8104858 
0.0384076 -0.2022035 -0.0249710 -0.3750467 -0.0149967 9.7681465 
0.0689518 -0.2324802 -0.0260102 -0.3641401 0.0145806 9.8016977 
0.0917016 -0.2322797 -0.0417610 -0.2989209 0.0021246 9.8602695 
0.1361866 -0.2388870 -0.1338429 -0.2414875 0.0236213 9.8306847 
0.1685693 -0.1866110 -0.0206105 -0.2226955 -0.0089598 9.8718834 
-0.0226484 -0.1112611 -0.0455053 -0.1792803 -0.0242317 9.9185991 
-0.0516683 0.0321798 0.0396436 -0.1855254 -0.0265873 9.8939762 
0.0418436 -0.0141637 0.1733451 -0.2035057 -0.0212894 9.8479977 
-0.0272804 0.1911097 0.1159139 -0.2307802 0.0207141 9.8749828 
-0.0198828 0.2217226 0.0931565 -0.2879696 0.0182355 9.8851271 
0.0264932 0.2139810 0.1374354 -0.2998496 0.0285346 9.7881136 
-0.0825020 0.1386973 0.0108339 -0.3165763 -0.0039416 9.8374882 
0.0092455 0.0705792 0.0231802 -0.1932793 0.0275913 9.8290758 
0.2924347 -0.2328315 0.1202935 0.1517410 -0.0311232 9.5148821 
-1.5669620 1.8707519 0.1135526 -0.8003119 0.1100717 10.2083168 
-2.8734772 3.2491369 -0.0549736 -0.6210755 0.0094685 10.1184826 
1.8453490 -1.6598788 -0.0886936 0.0434457 -0.3642874 9.4141455 
2.4167633 -2.9343667 0.0089476 -0.0219769 0.2506592 9.2172041 
-2.1302109 2.2473238 0.1759129 -0.4446009 0.0476999 10.9503574 
-0.8883007 1.8364458 0.0204173 -0.5664567 -0.0201711 10.0608282 
0.3435004 -0.1627210 -0.0166572 -0.3207996 -0.0257761 8.8653889 
2.3616745 -3.1919353 -0.0903901 -0.2088271 -0.0722636 9.7472458 
-0.4158407 0.4626209 0.1197168 -0.1845343 0.1435645 10.5428762 
-1.1860727 1.7133124 0.0651386 -0.5193689 -0.0565070 10.0932512 
0.3587058 -0.1701461 -0.0476695 -0.2211695 -0.0446796 9.3008566 
1.9886514 -2.6469419 -0.0540226 -0.1364265 0.1160702 9.4860001 
-1.3840050 1.4915199 0.1213379 -0.4219922 0.0245585 10.5145817 
-0.4095945 0.8285614 -0.0063573 -0.3716508 -0.0843399 9.9944258 
1.0454900 -0.9955996 -0.0029788 -0.2072375 -0.0597083 9.4187841 
0.4129808 -0.6647358 0.0532378 -0.1219236 0.1122949 9.7381601 
-0.2938859 0.5166461 0.0942776 -0.4132701 -0.0274053 10.3667946 
0.7552302 -0.4112077 -0.1130565 -0.3455473 0.0046581 9.8433647 
0.0167008 0.1390982 0.0238320 -0.2376774 0.0169365 9.3996439 
-0.0684805 -0.1190699 -0.0444083 -0.2712205 -0.0125467 9.9035482 
0.0949081 0.0320646 0.1113748 -0.3728200 -0.0325954 10.1745806 
0.1912431 0.1406392 -0.0793999 -0.3315675 0.0141640 9.6733589 
-0.0228293 -0.1492308 -0.0304531 -0.2816547 0.0282245 9.6076441 
0.0776500 -0.1113568 0.0123837 -0.2983092 0.0307077 10.0152893 
0.0243752 -0.0737209 0.0292760 -0.2802660 0.0088463 9.9251165 
0.1467181 -0.1189399 0.0563525 -0.2345350 -0.0319421 9.6834402 
-0.0600026 -0.1043364 0.0161733 -0.1830400 -0.0546751 9.8747425 
0.0241994 -0.0508048 0.0067294 -0.2190533 0.0010221 10.0102625 
0.0936449 0.0935607 0.0363365 -0.2387172 0.0273373 9.8709917 
-0.0437155 0.1004409 0.0551011 -0.2533646 0.0677422 9.8287096 
0.0401243 0.0781424 0.0375775 -0.2908721 0.0445905 9.8586588 
-0.0059907 0.1085310 0.0162838 -0.2692071 -0.0119980 9.8620758 
0.0247298 0.1161935 0.0231098 -0.2805061 -0.0293830 9.8624315 
0.0615462 0.0715748 -0.0615634 -0.3173702 -0.0422879 9.8439140 
0.0545865 0.1395729 -0.0230137 -0.3483142 0.0113917 9.8134899 
0.0852872 -0.0125095 0.0130316 -0.3597627 0.0396878 9.7787371 
0.1163747 -0.0963433 0.0570917 -0.3150872 0.0388014 9.8449669 
-0.0006074 -0.0801977 -0.1065236 -0.2904180 0.0153888 9.8790855 
0.0236744 -0.0200875 -0.0232630 -0.2984659 -0.0142641 9.8280735 
-0.0364383 -0.1502554 0.0683127 -0.2794832 -0.0306067 9.8419647 
0.0697454 -0.0884741 -0.0022361 -0.2552321 -0.0023015 9.8819647 
0.0010931 -0.0280189 -0.0000193 -0.2375583 0.0268973 9.8655624 
0.0236997 0.0179082 -0.0306038 -0.2341605 0.0426480 9.8574409 
0.0770978 -0.0502413 -0.0249198 -0.2699786 0.0099319 9.8661442 
0.0230701 0.0943663 -0.0831176 -0.2571320 -0.0247592 9.8514757 
0.0096206 0.0399620 0.0532680 -0.2799145 -0.0003860 9.8263712 
0.0408257 0.0245160 0.0977676 -0.3502725 -0.0020824 9.8480835 
-0.0374089 0.0632856 -0.0287740 -0.3628373 0.0282782 9.8248014 
0.1140423 -0.0568988 -0.1017014 -0.4903012 0.0307251 9.7450228 
0.0620349 -0.3090786 0.0344397 -0.0114847 -0.0065872 9.8187094 
-0.1047065 0.1458366 0.0416336 -0.2615888 -0.0674813 10.0393267 
0.1325415 -0.0359374 0.1025429 -0.3077279 -0.0363116 9.9118423 
0.1231500 0.0410628 -0.0101759 -0.3698530 0.0633955 9.6284971 
-0.0677791 -0.1956037 0.0309154 -0.2425344 0.0800067 9.7747726 
0.0163925 -0.0431274 -0.0082519 -0.1789600 0.0376803 10.0755157 
0.1091724 0.1543224 0.0439578 -0.1584411 -0.0029924 9.9104147 
-0.0590344 0.1536701 0.0483005 -0.2876032 -0.0247521 9.7556381 
-0.0058899 0.1997657 0.0092668 -0.3451611 -0.0237620 9.8571978 
-0.0057450 0.0247162 0.0535423 -0.3535201 0.0501970 9.8107386 
0.0309824 -0.0882877 -0.0316467 -0.3142361 0.0398246 9.8726244 
0.0008889 0.3447948 -0.0656691 -0.2971306 0.0160439 9.8088627 
0.1220554 -0.2700827 -0.0274827 -0.3915763 0.0016207 9.5691547 
-0.1596784 0.2225920 -0.0702169 -0.3938764 -0.0823749 10.1341105 
0.5103600 -0.3132556 -0.1210561 -0.2558382 0.0628106 9.4386415 
-0.4189755 0.1526252 -0.0031009 -0.3857405 -0.0741154 9.7910662 
0.7996242 -0.9197694 -0.1176287 -0.3232258 0.0928984 9.6749020 
-0.8011817 -0.1758240 -0.0037546 -0.3252589 0.0078152 10.5204630 
0.4135756 0.1794756 -0.1312179 -0.1469145 -0.0954868 11.0321054 
0.2529914 0.1097880 0.0333802 0.0019460 0.0785529 8.7122316 
-0.6236621 0.2495599 0.1470033 -0.5691722 0.0268266 9.2523956 
-0.3727363 0.0994864 0.0100043 -0.3324099 -0.0764813 10.2610083 
1.1605800 -1.1626251 0.0302807 -0.1498583 0.0511328 9.9156628 
-0.6015196 0.8282292 -0.0392649 -0.3294998 0.0389368 9.7904406 
0.5195522 -0.8464346 0.0489590 -0.1823618 0.0268789 9.8998671 
-0.2571230 0.5100303 0.0175696 -0.3044509 -0.0328854 10.1348314 
0.4874864 -0.3513834 -0.1056474 -0.3085811 0.0126624 9.4910269 
-0.4711340 0.4178317 0.0529804 -0.3374563 -0.0559782 9.8137970 
0.4196059 -0.5042313 -0.0522279 -0.1800435 0.0017107 9.9924660 
0.1004558 0.0561355 -0.0097722 -0.2677226 -0.0175011 9.9520969 
-0.0679265 0.0555018 -0.0128896 -0.2096672 0.0525802 9.7810926 
-0.0287646 0.0475151 0.0390964 -0.3095359 0.0251350 9.8446283 
0.1322270 0.0554987 0.0729219 -0.3439926 -0.0178484 9.8591118 
-0.0756772 -0.0433253 -0.0133090 -0.2772085 -0.0093905 9.7852964 
-0.0522546 -0.0054555 0.0013800 -0.2463027 -0.0320486 9.9683952 
0.0019123 0.1008065 0.0387154 -0.2525550 -0.0042869 9.8452435 
0.0110327 0.0542924 0.1519033 -0.3113468 0.0262627 9.7815695 
-0.0443349 0.0780428 0.0093895 -0.3144046 0.0200836 9.8980522 
0.0627957 0.0175384 0.0366419 -0.3110961 -0.0023270 9.7803755 
-0.0065634 -0.0964855 0.0148931 -0.2764232 -0.0092780 9.8039160 
-0.0298963 -0.0582658 -0.0298478 -0.2722853 -0.0256856 9.9693890 
0.1010168 0.0785529 0.0208767 -0.2648772 -0.0140215 9.8716049 
0.0536536 0.0411930 -0.0765568 -0.2637985 0.0351259 9.7770567 
0.0622610 0.0863008 -0.0234560 -0.2642179 0.0276960 9.8526230 
0.0631180 -0.0282901 0.0514722 -0.2654994 0.0198207 9.9005470 
-0.0517789 -0.0438340 0.0392078 -0.2448525 -0.0274819 9.8693132 
-0.1042293 0.1986773 0.0725745 -0.2361464 -0.0078699 9.8522034 
-0.0132558 0.2071457 0.0247042 -0.2801242 0.0124938 9.8795185 
-0.0270361 0.1529371 0.1383645 -0.2985108 0.0143338 9.8508987 
0.0085877 0.1546472 -0.0368289 -0.3290010 0.0167773 9.8188095 
0.0855135 0.0710068 0.0137228 -0.3120255 -0.0078034 9.7406101 
0.0015199 0.0097828 0.0229791 -0.3002560 -0.0189800 9.8255901 
0.0241458 -0.0887861 0.0140352 -0.3264272 -0.0294514 9.9181824 
0.0246288 -0.0663040 0.0521507 -0.3218888 0.0165888 9.8055134 
-0.0136357 -0.0284183 0.0458498 -0.3340001 0.0438844 9.7635355 
0.0538609 -0.2098778 -0.0178044 -0.2928022 0.0367663 9.8386860 
0.0172529 -0.0588624 0.0598908 -0.2781301 0.0015817 9.9519844 
-0.0060173 -0.0055160 0.0305854 -0.2368805 -0.0127828 9.8989897 
0.0629309 -0.0129723 0.0516022 -0.2394640 0.0049890 9.7713871 
-0.0356025 0.0241554 0.0998163 -0.2328201 0.0062342 9.8368464 
-0.0131514 0.0245549 0.0612897 -0.2568077 0.0004975 9.9096823 
0.0309234 0.0714492 -0.0683529 -0.2716996 0.0213047 9.8862267 
0.0558050 0.1844335 0.0531330 -0.2675020 0.0097238 9.8090267 
0.0389655 0.0180090 -0.0310122 -0.2785624 -0.0059898 9.8358545 
0.0165677 0.0860472 -0.0072372 -0.2847865 -0.0135747 9.8718166 
-0.0897164 0.0319254 0.0557694 -0.3311654 -0.0124161 9.8170271 
0.0019790 0.1235897 0.0389022 -0.3318266 0.0080787 9.8306770 
0.0401361 0.1085533 0.0378323 -0.2907734 0.0059533 9.8320189 
0.0706095 -0.0357550 0.0511660 -0.3007312 -0.0007465 9.8566189 
-0.0221162 -0.0963804 -0.0074993 -0.2972411 -0.0067525 9.8372297 
0.0017376 -0.0740037 0.0526696 -0.3078969 -0.0254065 9.8405581 
0.0161539 -0.0658277 -0.0082681 -0.3010455 0.0158178 9.8395386 
0.0398164 -0.0737842 0.0441472 -0.2792728 0.0100047 9.8397980 
-0.0596625 -0.1349625 0.0462279 -0.2532644 0.0192591 9.8565531 
-0.0829396 0.0324747 -0.0050599 -0.2884907 0.0069507 9.8830967 
-0.0522340 0.0629385 0.0019635 -0.2981314 0.0137650 9.8274498 
0.0011614 -0.1040984 0.0221655 -0.2865171 -0.0040115 9.8263636 
0.0157190 -0.1111922 -0.0313341 -0.2597905 0.0026368 9.8520689 
-0.0056480 -0.0133253 0.0682816 -0.2401394 0.0103970 9.8983107 
-0.0206437 0.0320714 0.0841755 -0.2561183 0.0134307 9.8702927 
0.0232111 -0.0045650 -0.0460559 -0.3055584 0.0228285 9.8187094 
-0.0221402 0.0177620 -0.0144036 -0.3156756 0.0043585 9.8154249 
0.0627344 -0.0660296 0.0510246 -0.2677780 0.0133203 9.8493767 
-0.0381410 -0.0883366 -0.0526812 -0.2568187 -0.0123923 9.8986101 
-0.0057813 0.0019531 0.0533398 -0.2634062 -0.0049987 9.8459425 
-0.0298887 0.0253756 -0.0292419 -0.2927561 0.0156510 9.8244343 
0.0863388 0.0020830 0.0812936 -0.2924148 0.0094710 9.8543491 
-0.0526699 -0.0280417 -0.0138904 -0.2688814 0.0148476 9.8602304 
-0.0442083 -0.0056827 0.0391159 -0.2525353 0.0043404 9.8562412 
0.0778825 0.0786042 0.0138312 -0.2707822 -0.0128147 9.8242235 
0.0404235 0.0779856 0.0678402 -0.3127189 0.0110056 9.8143253 
0.0552957 -0.0053556 0.0517065 -0.3021685 0.0143235 9.8485394 
-0.0287486 -0.0513668 0.0611172 -0.2707387 0.0161179 9.8566704 
0.0094942 0.0096244 0.0529972 -0.2797063 -0.0132254 9.8369255 
0.0627159 0.1013063 0.0218781 -0.3018179 -0.0233175 9.8501663 
-0.0213189 0.0248793 0.0386613 -0.3430123 -0.0016234 9.8528357 
0.0168737 -0.0205880 0.0449460 -0.3341687 0.0007548 9.8335657 
0.1084077 -0.0733473 0.0422587 -0.2824865 0.0005068 9.8126040 
0.0088656 -0.0203934 0.0148107 -0.2702579 -0.0009666 9.8917713 
-0.2141380 0.1011405 -0.0921303 -0.3235229 -0.0020538 9.7438564 
0.2672991 -0.4291721 -0.0249893 -0.2627597 0.0210928 9.9390173 
0.0553353 0.1771933 0.0150313 -0.2692864 -0.0802463 9.9796543 
-0.1292628 -0.0511474 -0.0043284 -0.2640507 0.0024884 9.6586170 
-0.0365201 -0.1349546 0.0606800 -0.3277141 -0.0055396 9.8706217 
0.0706083 0.0022984 0.0437587 -0.2225936 0.0209748 9.9758644 
0.0091874 0.0325910 0.0381228 -0.3024850 0.0052197 9.6794949 
-0.0911378 -0.1040868 -0.0210608 -0.2904328 0.0026714 9.9293032 
-0.0299656 0.0101839 -0.0292857 -0.2408358 0.0146809 9.7643948 
0.0629142 -0.1193599 0.0581983 -0.2994473 0.0037338 9.9973211 
0.0766997 0.0641000 -0.0696426 -0.2439858 0.0302585 9.8921452 
-0.0981806 0.0932197 -0.0117660 -0.2762964 0.0054882 9.8312607 
0.0469912 0.0330267 -0.0084023 -0.3085720 -0.0071976 9.8505564 
0.0938783 0.0401774 0.0663133 -0.3118555 0.0114795 9.7770624 
-0.0138415 -0.0358571 0.0229832 -0.3138291 -0.0129448 9.8631096 
0.0458466 -0.1412416 -0.0549824 -0.2802254 0.0005138 9.7939415 
-0.0069652 0.0026113 -0.0298657 -0.2610209 0.0288297 9.8105555 
-0.1360979 0.0016320 0.0188274 -0.2967668 0.0087893 9.9018440 
0.0488554 -0.0973967 0.1422560 -0.3257516 -0.0001094 9.8268394 
0.0161898 0.0482274 -0.0225939 -0.3435353 0.0081274 9.8043547 
-0.0370131 -0.0358377 0.0085134 -0.2500930 0.0072725 9.8604755 
-0.0454319 -0.1799064 -0.0226287 -0.2869266 0.0001391 9.8498859 
0.1255606 -0.0211954 0.1483720 -0.2705131 0.0167318 9.8795090 
-0.0211091 -0.0817694 0.0607933 -0.2843127 0.0152036 9.8225298 
0.0318564 -0.2105225 0.0433636 -0.2727641 -0.0063981 9.8742466 
0.0847831 -0.0426339 -0.0250194 -0.2250141 0.0308069 9.8565035 
-0.0147919 -0.0048803 -0.0449338 -0.2474156 -0.0143884 9.8678141 
0.0015363 0.0249802 0.0230305 -0.2510901 -0.0131214 9.8636732 
-0.0207447 0.1689947 0.0473742 -0.2919815 0.0082507 9.8344841 
0.0085830 0.0557970 -0.0224076 -0.2853559 0.0112312 9.8362818 
0.0469698 -0.0354168 0.0062836 -0.2958187 0.0204529 9.8233585 
-0.0287536 0.0094772 0.0464243 -0.3094194 0.0021600 9.8345356 
0.0401258 -0.0587464 0.0669522 -0.3078600 0.0051941 9.8111467 
-0.0365154 0.0019142 0.0389923 -0.3214054 0.0158011 9.8559713 
0.0543569 -0.1112728 -0.0020483 -0.2964031 0.0059286 9.8747435 
0.0318141 -0.0279619 0.0143175 -0.2860814 -0.0006353 9.8120070 
0.0019307 -0.0741320 0.0678081 -0.2795928 0.0109208 9.8710699 
0.0699546 -0.0353445 0.0056892 -0.3147556 0.0088584 9.8503504 
0.0241736 -0.1192684 0.0290800 -0.2777071 0.0025505 9.8071785 
0.0092319 -0.0815051 0.0448752 -0.2821180 -0.0009635 9.8474121 
0.0463277 -0.1034795 -0.0320641 -0.2680057 -0.0021086 9.8712826 
0.0402490 -0.0740514 0.0744492 -0.2489377 0.0137923 9.8618021 
-0.0297449 0.0480815 -0.0290169 -0.2624744 0.0103701 9.8306217 
0.0626928 -0.0280168 0.0362545 -0.2236577 0.0187195 9.8616524 
0.0167159 0.0403263 0.0151423 -0.2410178 0.0141554 9.8713493 
-0.0810908 0.1682588 0.1019122 -0.2395095 0.0232018 9.9117823 
0.0476976 0.1695045 0.0228572 -0.2377500 -0.0260369 9.8590670 
-0.0372616 0.1164520 -0.0207780 -0.3868628 -0.0344511 9.7125807 
0.0313828 0.0407584 -0.0306641 -0.3626914 0.0186202 9.8300056 
-0.0069103 0.0177995 -0.0374018 -0.1999457 0.0156029 9.9400616 
-0.0144102 0.0785692 -0.0368390 -0.3531715 -0.0075551 9.9177027 
0.1160142 -0.0657529 0.0347739 -0.3188284 0.0082565 9.6749086 
-0.1128069 0.2220898 0.0045739 -0.3441961 0.0107262 9.9276047 
0.1671808 -0.0260189 -0.1332812 -0.2834286 -0.0130215 9.8273573 
-0.0301475 -0.0809447 -0.0224310 -0.2800801 0.0289558 9.7759113 
-0.0219734 -0.0507821 0.0002171 -0.2669873 -0.0051402 9.9144869 
0.1228232 -0.0575263 -0.0262559 -0.2691714 -0.0099214 9.8705425 
0.0859010 0.0099464 0.0585960 -0.2697471 0.0061495 9.7621136 
-0.0533915 -0.0123966 -0.0668217 -0.2512567 0.0128643 9.8720284 
0.0851569 0.0332409 -0.0094626 -0.2852838 0.0058143 9.9028749 
-0.0069103 -0.0126144 -0.0148856 -0.2582741 0.0277671 9.7828703 
-0.1057799 0.0399446 0.0031183 -0.2764954 -0.0009510 9.8689947 
0.0238349 -0.0353711 -0.0083504 -0.2714484 -0.0026945 9.8905401 
0.0170794 0.0781270 0.0381491 -0.2659739 0.0278961 9.7979746 
-0.0365409 0.0551689 0.0317597 -0.2733190 -0.0118352 9.8753471 
0.0623733 0.1167035 -0.0082533 -0.3154794 0.0050540 9.8352623 
0.0002244 -0.0274492 -0.0531372 -0.3196895 -0.0014026 9.8303642 
0.0314054 -0.0124704 -0.0159557 -0.2977673 0.0022461 9.8554554 
0.1010924 0.0633161 0.0358624 -0.3005708 0.0120328 9.8238373 
0.0013591 -0.0281568 0.0226985 -0.3085536 0.0333445 9.8285608 
-0.0596655 -0.1425601 0.0461801 -0.2801180 -0.0026541 9.8659868 
0.0152464 -0.0804830 -0.0690052 -0.2721583 -0.0011830 9.8797579 
0.0932180 -0.0582908 0.0352809 -0.2764261 0.0290695 9.8407660 
0.0249724 0.0095496 0.0602447 -0.2481206 -0.0077291 9.8637543 
0.0076503 -0.0577199 -0.0686890 -0.2375318 -0.0208223 9.8868141 
0.0309474 0.0105986 -0.0536423 -0.2308075 0.0097156 9.8621387 
0.1166898 0.0859942 0.0508096 -0.2544132 0.0155805 9.8594952 
0.0627052 0.1012762 0.0144114 -0.2338421 -0.0047815 9.8462458 
-0.0601731 0.0707032 -0.0205508 -0.2533407 0.0368808 9.8659334 
-0.0524529 0.1543532 -0.0277533 -0.2627100 -0.0017553 9.8586206 
-0.0294235 0.1619888 -0.0207133 -0.2779577 -0.0066278 9.8364410 
-0.0043965 0.1608392 0.1226289 -0.3057126 0.0082999 9.8502522 
-0.0290916 0.0705389 0.0165245 -0.3236124 -0.0173639 9.8462973 
0.0621852 0.0331633 -0.0088298 -0.3255976 -0.0035235 9.8411961 
0.0860024 0.0022980 0.0585645 -0.3343645 -0.0096607 9.8014965 
-0.0138516 0.0325778 0.0159532 -0.3489046 0.0148953 9.8171692 
0.0237642 0.0102825 -0.0230720 -0.3530950 0.0043160 9.8103828 
0.0250166 -0.0589228 0.0749419 -0.3462860 0.0021370 9.8264933 
0.1246809 -0.1119333 0.1023206 -0.3062061 -0.0023894 9.8500290 
0.0479358 -0.1577031 0.0888239 -0.2805348 0.0113242 9.8350296 
0.0092483 -0.1119272 0.0521755 -0.2625171 0.0151033 9.8313236 
0.0012253 -0.1801835 0.0367551 -0.2670562 0.0195001 9.8657131 
-0.0136623 -0.1120468 0.0527771 -0.2236047 0.0145272 9.8627653 
0.0627453 -0.1193109 0.0507494 -0.2213755 0.0040748 9.8967791 
0.0166550 -0.0281020 0.0222842 -0.2537796 0.0079579 9.8551235 
0.1239188 0.0938819 0.0203606 -0.2373786 0.0019348 9.8614435 
0.0540742 0.0181833 -0.0390093 -0.2669723 -0.0028259 9.8532324 
0.0157798 0.0256827 -0.0455661 -0.3091837 -0.0060731 9.8517914 
0.0485160 0.0245053 0.1051662 -0.3324885 0.0035435 9.8209791 
0.0477134 0.0630131 0.0448368 -0.3448665 0.0060737 9.7905102 
0.0854121 -0.1114315 0.0350432 -0.3503273 -0.0129932 9.8322363 
0.0468618 -0.1722285 0.0204489 -0.3429835 -0.0062610 9.8497276 
-0.0058650 -0.1577349 0.0750039 -0.2672539 0.0043501 9.8305492 
-0.0298355 -0.1495927 -0.0001222 -0.2458382 0.0042389 9.8621778 
-0.0063159 -0.1498498 0.0371381 -0.2518843 0.0141128 9.8702555 
0.0470342 -0.0658686 0.0136202 -0.2777362 0.0154287 9.8807611 
0.1008741 -0.0506652 0.0351506 -0.2377840 0.0089085 9.8249331 
-0.0521079 -0.0360082 0.0240157 -0.2370127 -0.0002713 9.8337498 
0.0019796 0.0931841 0.0386205 -0.3294763 0.0234260 9.9024820 
-0.0684122 0.1166999 -0.0731292 -0.4025978 -0.0156624 9.8513384 
0.1226844 -0.0803123 -0.0261877 -0.3980066 -0.0000442 9.6515074 
0.0239459 -0.2864416 0.0505865 -0.1678336 -0.0057471 9.8101072 
-0.0594055 -0.3784803 0.1050514 -0.1180485 0.0130076 9.9884634 
-0.0505718 -0.0977148 0.1370095 -0.2174946 0.0289077 10.0132380 
0.1630734 0.1163362 0.0876255 -0.3349808 0.0147083 9.8248472 
-0.0672564 0.0703343 0.0326672 -0.3383302 0.0254338 9.7367678 
0.0489548 -0.0137590 0.1426798 -0.2534370 0.0028337 9.8880730 
0.0006880 -0.0657536 -0.0155868 -0.1861539 -0.0051467 9.9142666 
0.0172659 0.0324119 0.0604690 -0.2603928 -0.0079433 9.8440542 
0.0101792 0.1005054 0.0914352 -0.3732653 0.0123030 9.7933388 
0.0032337 0.0087674 0.1592363 -0.3713071 0.0037083 9.7372551 
-0.0913480 -0.2865238 0.0080326 -0.2508419 0.0214008 9.7982931 
0.0311631 -0.1644599 -0.0169925 -0.1779384 0.0067551 9.9630957 
0.0084340 0.0330943 -0.0378139 -0.2443290 -0.0127358 10.0042295 
0.0479086 0.1845785 0.0381337 -0.3145259 -0.0145365 9.7891741 
0.0565518 0.1231517 0.1208944 -0.3493256 0.0240865 9.7194176 
-0.0595524 -0.0361392 0.0392973 -0.3315380 0.0020111 9.8557911 
-0.0365528 -0.0360943 0.0387450 -0.3036460 0.0134767 9.8809795 
0.0022977 0.0321158 0.0761840 -0.3127819 0.0089478 9.8040609 
0.0268254 -0.0752184 0.2036261 -0.3180376 -0.0084247 9.8055582 
0.0092009 -0.1879629 0.0592809 -0.3052921 0.0146922 9.8359528 
0.0009187 -0.1343818 0.0068268 -0.2743514 0.0190700 9.8585634 
0.0311164 -0.1796414 -0.0095096 -0.2579528 0.0077672 9.8605728 
0.0855732 -0.1419601 0.0499828 -0.2477021 0.0177304 9.8696880 
0.0536459 -0.1488817 -0.0401592 -0.2429832 0.0041167 9.8453217 
0.0395746 -0.1572903 0.0434929 -0.2391987 -0.0079386 9.8510437 
0.0548363 -0.1343877 0.0356669 -0.2279543 0.0050089 9.9040775 
-0.0519751 0.1084180 0.0098404 -0.2386006 0.0019807 9.8596535 
0.0015408 0.0477772 0.0232199 -0.2491687 0.0051041 9.8297796 
0.0703802 0.1088999 0.0142728 -0.2652933 0.0068597 9.8486080 
0.0244525 0.0783260 0.0152238 -0.2838401 0.0045561 9.8625698 
0.0472072 0.0633080 0.0069738 -0.2797331 0.0008406 9.8468275 
-0.0283349 0.0472563 0.0694205 -0.3038670 -0.0016424 9.8440170 
-0.0651347 0.0309930 0.1613517 -0.3254983 -0.0100208 9.8422489 
0.0781811 -0.0128794 0.0360762 -0.3290598 0.0106519 9.8048544 
0.0319749 -0.0737048 0.0216686 -0.3595651 0.0068047 9.8285208 
0.0480537 -0.0969433 0.0817398 -0.3627392 0.0072230 9.8123360 
0.0102407 -0.1201666 0.1129049 -0.2818417 0.0000649 9.8119678 
-0.0088322 -0.2091847 -0.1298900 -0.3456606 0.0004184 9.8901472 
0.0021762 -0.1731789 0.0975187 -0.2659162 0.0093141 9.8474569 
-0.0519577 -0.1806280 0.0533599 -0.2405410 0.0244927 9.8661413 
0.0558240 -0.1198107 0.0964987 -0.2218727 0.0444710 9.8819885 
0.0264486 -0.0141661 0.1586119 -0.2018740 -0.0229890 9.8900051 
0.1161087 0.0711454 0.0128504 -0.2379021 -0.0273452 9.8416138 
0.0253889 0.0625433 0.0833250 -0.2231152 0.0078640 9.8445950 
0.0383710 0.0563877 -0.0762399 -0.2269380 0.0073017 9.8860865 
0.0250554 0.0931600 0.0531913 -0.2120710 0.0335716 9.8888817 
-0.0304399 0.0865355 -0.0818373 -0.2425898 0.0302842 9.8482618 
0.1379397 0.0870813 -0.0633512 -0.2070540 0.0184990 9.8308306 
-0.0078498 -0.0196411 -0.0907145 -0.1815343 -0.0044356 9.8913908 
-0.0150363 0.2310668 -0.1040194 -0.2820459 0.0046713 9.9244490 
0.0381859 0.1781937 -0.1056753 -0.3047197 0.0019533 9.8212643 
0.0459011 0.2314040 -0.1054728 -0.3349198 0.0290969 9.7800684 
0.0157484 0.2691019 -0.0893673 -0.3924517 -0.0065930 9.8490200 
0.0540519 0.0334233 -0.0464677 -0.3793220 -0.0113001 9.8289566 
0.0024481 0.0092256 0.0911457 -0.3541149 -0.0328423 9.7946033 
0.0015360 -0.0358545 0.0378098 -0.3694274 -0.0247507 9.7781000 
0.0469778 -0.1342921 0.0207487 -0.3124749 -0.0006344 9.8272963 
0.1230840 -0.0881454 -0.0111991 -0.2840564 0.0388950 9.8722935 
-0.0072087 -0.1797400 -0.0160850 -0.2849289 0.0355273 9.8415890 
0.0474233 -0.0813259 0.0438493 -0.2000960 0.0141505 9.8607168 
-0.0293756 -0.0662088 0.0156057 -0.2220857 -0.0148187 9.8675518 
0.0703676 -0.1192779 0.0505772 -0.1748545 0.0244717 9.8606739 
0.0406640 0.1310653 0.0682331 -0.1894037 0.0118435 9.9044275 
0.0144934 0.0112191 -0.1365254 -0.2339156 0.0425358 9.8832769 
0.0010728 0.0556622 -0.0145974 -0.2497136 0.0177554 9.8474703 
0.0249327 0.1236598 0.0383086 -0.2705899 -0.0033920 9.8520527 
-0.0287561 0.1311752 0.0245657 -0.3268626 -0.0009878 9.8364487 
0.0101891 0.0548342 0.0912756 -0.3416623 -0.0216936 9.7826891 
0.0170313 0.1237880 0.0233520 -0.3500867 0.0002691 9.8060637 
0.0174648 -0.0133568 0.0753600 -0.3419246 0.0174129 9.8568153 
0.0539628 -0.0273874 -0.0393287 -0.3048737 0.0203954 9.8228493 
0.0393738 -0.1875825 0.0357424 -0.2910856 0.0050453 9.7989559 
-0.0070327 -0.1646231 -0.0083874 -0.2463436 -0.0134587 9.8552065 
-0.0600980 0.0022035 -0.0058632 -0.2445086 -0.0111919 9.8600416 
0.0018242 0.0019754 0.0456252 -0.2307032 0.0257409 9.8877039 
0.0458399 0.0260929 -0.0841873 -0.2704545 0.0321986 9.8371630 
0.0394442 0.0861679 -0.0078126 -0.3056431 0.0029340 9.8513374 
0.0248501 0.0096409 0.0526716 -0.3161294 -0.0272919 9.7979374 
-0.0217498 -0.0661658 0.0154706 -0.3195640 -0.0446834 9.8006172 
0.0022390 -0.1427570 0.0976674 -0.3132846 -0.0325334 9.8380613 
0.0100976 -0.0135757 0.0907721 -0.2889894 0.0147653 9.8375912 
-0.0726998 -0.0375248 0.1836890 -0.2672551 0.0514775 9.8747854 
0.0556292 -0.1424851 0.0887078 -0.2408911 0.0469332 9.8515892 
0.0162176 -0.1951798 0.0212268 -0.2629787 0.0030695 9.7703829 
0.0543999 -0.0504866 -0.0091149 -0.2291869 0.0004221 9.8324814 
0.0614196 0.0259967 -0.0694391 -0.2107679 -0.0072595 9.9222736 
-0.0155226 -0.0501089 -0.0830671 -0.2116788 0.0480957 9.8164635 
-0.0384670 -0.0425790 -0.0900630 -0.2322741 0.0099549 9.8976088 
0.0541597 0.0181143 -0.0389921 -0.2389346 0.0006800 9.8860674 
0.0300318 0.0871764 -0.1287707 -0.2266918 0.0071836 9.8476191 
-0.0461563 0.1095473 -0.1191240 -0.2278282 -0.0092311 9.9025755 
0.0081598 0.2766081 -0.0890309 -0.2598625 0.0098331 9.8510151 
-0.0196489 0.1987685 0.1157587 -0.3376403 -0.0245320 9.8222504 
0.0239821 0.2079046 -0.0368593 -0.3594183 0.0108714 9.7865477 
-0.0141602 -0.0052445 0.0004846 -0.3800478 -0.0103821 9.8169641 
0.0401729 -0.0131421 0.0596987 -0.3872782 -0.0174186 9.8108826 
0.0326841 -0.1273537 0.0894290 -0.3488209 -0.0010384 9.8108301 
0.0394476 -0.0887630 0.0212956 -0.3576460 0.0040860 9.8392696 
-0.0064261 -0.1878208 0.0369310 -0.3234315 -0.0027507 9.8147440 
0.0227765 -0.2933546 -0.0403267 -0.3069591 -0.0101230 9.8270435 
0.0173665 -0.2718977 0.1039308 -0.2730322 0.0181953 9.8693476 
-0.0212735 -0.0816773 0.0456477 -0.2641305 0.0198306 9.8554697 
0.0085655 -0.3016573 0.0357686 -0.3696897 -0.0291679 9.8092575 
0.0538711 -0.3772754 0.0114817 -0.0821197 0.0308255 9.7847424 
-0.0443626 -0.0360196 0.0161693 -0.2016565 -0.0014776 9.9974136 
0.0782337 0.0403222 0.0287652 -0.1286584 0.0402195 9.9747000 
0.0389365 0.1320288 -0.0527215 -0.2045959 0.0178983 9.7688866 
-0.0143045 0.0480268 -0.0293074 -0.2083509 -0.0106260 9.9173632 
0.0401597 0.1769572 0.0156664 -0.2292780 0.0060786 9.8896780 
0.0091432 0.2379391 -0.0209850 -0.2590414 0.0243935 9.8224545 
-0.0218620 0.2381015 -0.0505348 -0.3481377 0.0034945 9.8217258 
-0.0366687 0.1693147 0.0023251 -0.3398022 -0.0067015 9.8022089 
0.0077626 0.0410797 -0.0755139 -0.3652375 -0.0036994 9.7947178 
0.0779068 0.0101345 0.0209874 -0.3589387 -0.0136957 9.8130751 
0.0692104 0.0791698 -0.0616583 -0.3287900 -0.0035669 9.8213911 
0.1001756 0.0106213 -0.0250717 -0.3379432 -0.0195505 9.8584108 
0.0929920 -0.0429418 0.0202538 -0.3143815 0.0268626 9.7804127 
0.0167028 -0.1117786 0.0368353 -0.3127277 -0.0010450 9.8639479 
0.0164995 -0.0660165 0.0144227 -0.2837206 0.0025028 9.8727398 
0.0303034 -0.1107170 -0.0771463 -0.2867368 0.0111384 9.8176641 
-0.0456631 -0.0504520 -0.0596659 -0.2545791 0.0050955 9.8947315 
-0.0055670 -0.1122829 0.0829144 -0.2493874 0.0034707 9.8682051 
0.0158418 0.0788622 -0.0527199 -0.2581391 0.0077506 9.8401394 
-0.0225193 0.0179400 -0.0521472 -0.2698251 0.0111997 9.8198977 
0.0398548 0.0250752 0.0296339 -0.2748278 0.0006766 9.8545847 
0.0926974 -0.0047370 -0.0098068 -0.2626081 -0.0014127 9.8688393 
-0.0364998 -0.0285447 0.0464211 -0.2634506 0.0004115 9.8454494 
-0.0141862 -0.0204638 0.0003972 -0.2591946 0.0055782 9.8539257 
0.0459674 -0.0044022 -0.0692226 -0.2537557 0.0108192 9.8599882 
-0.0520335 0.0856366 0.0097040 -0.2690167 0.0106327 9.8409100 
0.0476331 -0.0434244 0.0517145 -0.2764342 0.0134031 9.8248177 
0.0469385 -0.0658218 0.0060862 -0.2544478 0.0099003 9.8497610 
0.0613220 -0.0043698 -0.0696431 -0.2814323 -0.0093127 9.8478327 
0.0238111 0.0178526 -0.0230233 -0.2572767 0.0041507 9.8634901 
-0.0669803 0.0321278 0.0400491 -0.2653041 -0.0006186 9.8394365 
0.0089096 0.0023479 0.0075740 -0.2946728 -0.0100734 9.8503551 
-0.0745445 0.0624694 0.0404405 -0.2936558 0.0148679 9.8544664 
0.0553914 0.1086645 0.0373704 -0.2941032 -0.0019087 9.8559322 
-0.0213163 -0.0131791 0.0384770 -0.2889694 0.0105736 9.8369083 
0.0174662 0.0931137 0.0609807 -0.3089149 0.0099591 9.8322906 
0.0234673 -0.0807944 -0.0237688 -0.3021682 -0.0158705 9.8190689 
0.0247299 -0.0207024 0.0524089 -0.2785427 0.0136547 9.8578987 
0.0008835 -0.0202706 -0.0151265 -0.2675805 0.0071189 9.8612528 
0.0017437 0.0096346 0.0381233 -0.2779337 0.0073197 9.8511457 
0.0004901 -0.0504602 -0.0380548 -0.2779858 0.0016540 9.8402128 
0.0468567 0.0254892 -0.0159816 -0.2696108 0.0164366 9.8470440 
0.0234808 0.0560813 -0.0530634 -0.2679531 -0.0045680 9.8742352 
-0.0200380 0.0696859 0.1073029 -0.2459850 0.0134209 9.8545532 
0.0542927 0.1016732 -0.0458645 -0.2546680 -0.0061874 9.8728590 
0.0700930 0.0405898 -0.0012469 -0.2585552 0.0026677 9.8532505 
0.0082333 0.0864023 -0.0599790 -0.2703292 0.0325103 9.8491802 
-0.0063281 0.1239294 -0.0138626 -0.2802345 0.0012477 9.8558455 
0.0451058 0.0949801 -0.1518062 -0.2938995 0.0121286 9.8249617 
-0.0214316 0.1922296 -0.0055060 -0.3176527 -0.0141678 9.8408909 
0.0620018 0.0788871 -0.0311895 -0.3335421 -0.0096401 9.8237200 
0.1021383 0.1083065 0.0968319 -0.3143229 -0.0086872 9.8157320 
-0.0516797 0.0093782 0.0470386 -0.3133723 -0.0276636 9.8339586 
0.0101644 -0.1048690 0.1128520 -0.3074279 0.0063268 9.8574362 
-0.0286699 0.0017935 0.0464875 -0.2971663 -0.0016627 9.8487463 
0.0171385 -0.0892703 0.0598527 -0.2888227 0.0108830 9.8501225 
0.1473521 -0.0584667 0.0718679 -0.2634439 0.0039704 9.8479195 
0.0389070 -0.0352318 -0.0312818 -0.2464693 0.0021131 9.8549194 
-0.0066523 -0.0127861 -0.0148058 -0.2361940 0.0067781 9.8615217 
-0.0223822 -0.0506053 -0.0374063 -0.2276371 0.0036106 9.8703842 
-0.0525547 0.0631076 -0.0282465 -0.2580057 0.0039724 9.8490667 
0.0178775 0.0167859 0.0908619 -0.2495699 -0.0052384 9.8391762 
0.0715657 0.0549184 0.0973245 -0.2773244 0.0166612 9.8597412 
0.0556449 0.1541120 0.0377897 -0.2705008 -0.0151933 9.8487978 
-0.0683537 0.0785728 -0.0656506 -0.2944794 0.0073993 9.8230677 
0.0489784 0.1078915 0.1208867 -0.2893371 0.0087628 9.8597088 
-0.0975481 0.0091901 0.0481939 -0.2852832 -0.0017777 9.8318071 
-0.0370848 0.0554996 -0.0060996 -0.2926320 0.0252066 9.8462610 
0.0479895 -0.0664447 0.0818127 -0.2933061 0.0050619 9.8194103 
0.0397916 0.0707478 0.0223566 -0.2906003 0.0042636 9.8494129 
0.1013540 0.0707662 0.0510819 -0.2892540 -0.0013583 9.8588991 
0.0150970 -0.0195453 -0.0837495 -0.2935480 -0.0029329 9.8498964 
0.0616741 -0.0350020 -0.0319917 -0.2634177 0.0194498 9.8680801 
-0.0459078 -0.0655141 -0.0673466 -0.2761016 0.0060397 9.8535099 
-0.0058435 0.0628221 0.0386231 -0.2901893 0.0018864 9.8271265 
0.1014416 -0.0662099 0.0729188 -0.2728243 -0.0056267 9.8682518 
0.1241060 0.0633328 0.0353737 -0.2889178 0.0203881 9.8503246 
0.0242307 -0.0812630 0.0217344 -0.2845190 0.0077250 9.8566284 
0.0481292 0.0095091 0.0748345 -0.2943269 0.0156451 9.8478785 
-0.0380376 -0.0047913 -0.0670594 -0.2870974 0.0064252 9.8379993 
0.0178744 0.0091830 0.0983699 -0.3005069 0.0072973 9.8243322 
0.0620953 -0.0352657 -0.0092051 -0.2762063 -0.0011429 9.8341265 
0.0476353 0.0250142 0.0370452 -0.2614672 0.0110154 9.8732882 
0.0473408 -0.0432633 0.0290170 -0.2607483 0.0181923 9.8289614 
0.0543874 0.0179793 -0.0237999 -0.2640861 0.0104095 9.8510685 
0.1000665 0.0486945 -0.0399034 -0.2650468 -0.0042291 9.8627939 
0.0617512 -0.0122319 -0.0318326 -0.2751676 0.0149533 9.8332520 
0.0083602 -0.0201232 -0.0229418 -0.2694073 -0.0016194 9.8520803 
-0.0052296 0.0852669 0.0766665 -0.2899771 0.0135096 9.8604145 
0.0159207 -0.0124312 -0.0306832 -0.2865455 0.0210311 9.8479156 
0.0089152 0.0708212 0.0004058 -0.2996993 0.0055020 9.8453245 
-0.0448847 -0.0889731 0.0007593 -0.2988703 0.0397741 9.8370037 
-0.0071163 -0.0048775 -0.0451049 -0.3101417 0.0269608 9.8446655 
-0.0287833 -0.0589833 0.0536272 -0.2980132 0.0082745 9.8333387 
-0.0452386 0.0329299 -0.0438506 -0.3177147 -0.0087085 9.8385963 
-0.0441253 -0.0590017 0.0464137 -0.3078710 -0.0027827 9.8644581 
0.0696068 -0.0579511 -0.0096553 -0.2751148 0.0235111 9.8472509 
-0.0212066 -0.0512756 0.0533907 -0.2785337 -0.0026402 9.8431396 
-0.0074716 -0.1111197 -0.0459245 -0.2644338 0.0020600 9.8713369 
0.0307770 -0.0349428 -0.0539244 -0.2556788 0.0104957 9.8485870 
-0.0762354 0.0330812 -0.0658662 -0.2690175 0.0117514 9.8427391 
0.0159244 -0.0808978 -0.0159727 -0.2800016 0.0137682 9.8314753 
0.0316289 0.0025633 -0.0081656 -0.2801951 0.0034053 9.8631058 
-0.0670647 -0.0134587 0.0397257 -0.2717486 -0.0069974 9.8531895 
-0.0373470 -0.0280338 -0.0141616 -0.2691244 0.0086426 9.8270454 
0.0166355 -0.0585128 0.0220915 -0.2949348 0.0168161 9.8485098 
0.0402345 -0.0055830 0.0597657 -0.2938744 0.0114207 9.8279552 
-0.0368097 -0.0131082 0.0237065 -0.3237750 0.0045886 9.8503590 
-0.0520992 -0.0968448 0.0386938 -0.2910796 -0.0193404 9.8399172 
-0.0066476 -0.0355652 0.0000610 -0.2769986 0.0126642 9.8290186 
0.0315760 -0.0354130 -0.0009386 -0.2850273 0.0038901 9.8643723 
-0.0363195 -0.1731325 0.0832058 -0.2713038 0.0148682 9.8590517 
0.0226937 -0.0575198 -0.0841819 -0.2706968 0.0061802 9.8504505 
0.0169333 -0.0891170 0.0521860 -0.2719200 0.0004075 9.8431320 
0.0779545 -0.0583576 0.0356334 -0.2629959 0.0205746 9.8494682 
0.0467097 0.0255800 -0.0235912 -0.2621735 0.0159013 9.8679914 
0.0998729 -0.0880876 -0.0257199 -0.2550487 0.0145268 9.8546705 
0.0014428 0.0098127 0.0229478 -0.2640522 -0.0002011 9.8454447 
-0.0140194 0.0555007 0.0009045 -0.2703109 0.0282781 9.8491020 
0.0005357 -0.1037106 -0.0233253 -0.2646172 0.0095664 9.8588724 
0.0321657 0.0174706 0.0297701 -0.2664896 0.0114714 9.8541241 
-0.0295611 0.0479781 -0.0139005 -0.2604592 0.0103573 9.8528376 
-0.0304272 0.0028765 -0.0672502 -0.2682687 0.0125355 9.8583698 
0.0554534 0.0401408 0.0445929 -0.2906806 0.0179660 9.8520918 
0.0315720 0.0558279 -0.0228922 -0.2966644 0.0055852 9.8452864 
0.0243793 0.0479277 0.0075352 -0.2975105 0.0231084 9.8366432 
-0.0520399 0.0475983 0.0095029 -0.2801172 -0.0101305 9.8574123 
-0.0060878 0.0097003 0.0232314 -0.3050844 -0.0003560 9.8422441 
-0.0207321 0.0016543 0.0689910 -0.2843499 -0.0177095 9.8494892 
0.0327623 -0.0817776 0.0821781 -0.2682843 -0.0001250 9.8430796 
0.0472554 -0.0432189 0.0214606 -0.2596748 -0.0255084 9.8358564 
0.0098375 -0.0818944 0.0827958 -0.2484020 0.0151925 9.8552122 
-0.0678110 0.0326182 -0.0205337 -0.2333405 0.0025700 9.8409777 
-0.0222754 -0.0126383 -0.0371708 -0.2414936 -0.0093330 9.8600426 
-0.0134439 0.0855474 0.0315186 -0.2858142 0.0202003 9.8586998 
-0.0055017 0.0245567 0.0611933 -0.2756231 0.0030188 9.8354063 
0.0166590 0.0251162 0.0075766 -0.2412358 0.0119709 9.8442554 
-0.0287989 0.0855337 0.0243112 -0.2786045 0.0151031 9.8507090 
0.0011659 -0.0128502 0.0001199 -0.2906635 -0.0001067 9.8366957 
-0.0056770 0.0094527 0.0535201 -0.3071899 0.0190379 9.8300486 
-0.0834069 0.0099135 -0.0354192 -0.3156123 0.0038062 9.8178005 
-0.0525936 0.0479375 -0.0284014 -0.2979547 0.0057987 9.8368921 
-0.0073742 0.0256878 -0.0675837 -0.2795534 -0.0059604 9.8574944 
-0.0221874 -0.1039573 -0.0150697 -0.2835343 0.0165201 9.8411741 
0.0629336 -0.0661732 0.0586994 -0.3027034 0.0054468 9.8465557 
0.0321348 -0.0281443 0.0370220 -0.2670426 -0.0026299 9.8460264 
-0.0296557 -0.0280195 -0.0068534 -0.2548462 -0.0110462 9.8517380 
0.0704283 0.0404264 0.0289245 -0.2645638 -0.0074448 9.8483057 
-0.0593856 0.0778336 0.0325277 -0.2616341 0.0015335 9.8478603 
-0.0218919 0.0023738 -0.0068289 -0.2785393 0.0043825 9.8486900 
0.0780924 0.0024085 0.0360572 -0.2796434 0.0069940 9.8619757 
-0.0374253 0.0024456 -0.0215622 -0.2692623 0.0142106 9.8187532 
-0.0522346 -0.0891550 0.0235971 -0.2837014 -0.0068589 9.8659372 
-0.0291133 0.0477135 0.0164180 -0.2977484 0.0016581 9.8560400 
-0.0065363 0.0099917 0.0004282 -0.3138990 0.0098186 9.8149090 
-0.0143539 0.0481055 -0.0219017 -0.2875390 -0.0016286 9.8480558 
0.0392278 -0.0353913 -0.0010849 -0.3021043 0.0031612 9.8434963 
0.0087766 0.0176452 0.0000793 -0.3181826 0.0198367 9.8181648 
0.0710348 -0.1044503 0.0961430 -0.3065374 0.0037174 9.8219194 
0.0168940 0.0250056 0.0302183 -0.3001967 0.0011583 9.8518476 
-0.0839359 -0.0125538 -0.0659861 -0.2983945 -0.0069430 9.8432493 
0.0163690 0.0253224 -0.0076741 -0.2848085 0.0212691 9.8400888 
0.0399649 -0.0890772 0.0591644 -0.2850116 0.0241590 9.8215227 
-0.0213290 -0.0359856 0.0383400 -0.2954836 0.0073173 9.8459187 
0.0709044 0.0173048 0.0666906 -0.2817001 0.0065070 9.8355455 
-0.0126010 0.0090239 0.1066229 -0.2812423 -0.0162904 9.8621130 
0.0471883 -0.1192104 0.0360034 -0.2739009 0.0299021 9.8539801 
-0.0593853 0.0322024 0.0397845 -0.2755821 0.0155856 9.8537006 
-0.0129413 0.0092133 0.0839240 -0.2525730 0.0038872 9.8514223 
-0.0295445 -0.0052460 -0.0067432 -0.2637770 0.0007643 9.8755083 
0.0077317 0.0182748 -0.0756907 -0.2672419 0.0113239 9.8379021 
-0.0290244 0.0324408 0.0239019 -0.2661625 -0.0213759 9.8564444 
0.0624329 0.0177787 0.0062592 -0.2813623 0.0009290 9.8654728 
-0.0211758 -0.0132783 0.0461212 -0.2782498 0.0261904 9.8365183 
0.0388145 0.0180889 -0.0385690 -0.2869478 -0.0039039 9.8443975 
-0.0295012 -0.0357092 0.0006716 -0.2807226 -0.0107898 9.8580132 
-0.0598214 0.0248497 0.0094675 -0.2845257 0.0001553 9.8492641 
-0.0297796 -0.0583585 -0.0146298 -0.2850359 -0.0076620 9.8515110 
0.0559496 -0.0818312 0.1042814 -0.2678470 0.0026086 9.8293152 
0.0022508 0.0017312 0.0759231 -0.2749887 -0.0017807 9.8353062 
-0.0522676 -0.0130927 0.0090090 -0.2608966 -0.0057749 9.8543091 
-0.0064554 0.0479684 -0.0069046 -0.2625839 0.0037611 9.8761559 
0.0482638 0.0246401 0.0824793 -0.2688125 0.0199537 9.8711452 
0.0244205 0.0631148 0.0151716 -0.2992563 0.0216870 9.8432474 
-0.0072546 -0.0808480 -0.0380834 -0.2880619 -0.0082255 9.8497257 
0.0865065 0.1312629 0.0670975 -0.3026986 0.0153574 9.8557711 
0.0316383 -0.0506501 0.0065327 -0.2902859 0.0253982 9.8396320 
0.0178498 0.0244375 0.0983789 -0.2742113 -0.0086988 9.8477774 
0.1459379 -0.0423604 -0.0190633 -0.2949090 0.0015564 9.8379841 
-0.0147984 -0.0200754 -0.0375235 -0.2708020 -0.0063450 9.8279610 
0.0250231 0.0551682 0.0605060 -0.2822397 0.0051291 9.8415346 
0.0465577 0.0408811 -0.0386165 -0.2801956 0.0004787 9.8606424 
0.0388564 0.0636986 -0.0458303 -0.2634414 0.0085324 9.8540287 
0.0009747 -0.0279234 -0.0076123 -0.2521594 0.0003973 9.8273058 
0.0550097 0.1012744 0.0070592 -0.2766669 0.0048245 9.8552885 
-0.0674667 -0.0208177 0.0169435 -0.2784717 -0.0097288 9.8417854 
0.0467516 0.0331578 -0.0235235 -0.2838106 -0.0082755 9.8526869 
-0.0299805 0.1090781 -0.0589093 -0.2939223 -0.0052380 9.8702774 
0.0406840 0.0093436 0.0901956 -0.3083654 0.0072875 9.8226089 
0.0554790 0.0629624 0.0446915 -0.3165990 0.0060568 9.8436995 
0.0164942 0.0328232 0.0000503 -0.2799339 -0.0043539 9.8196754 
0.0473429 0.0023730 0.0217614 -0.2980954 -0.0228382 9.8585377 
0.0927907 -0.0047817 -0.0022689 -0.2803678 0.0049915 9.8475208 
0.0181209 -0.0137593 0.1208559 -0.2687001 0.0074040 9.8714886 
0.0162405 0.0253910 -0.0152444 -0.2805042 0.0233846 9.8509073 
0.0321382 -0.0509522 0.0368377 -0.2935359 0.0063533 9.8597012 
-0.0284052 0.0244751 0.0692823 -0.2664714 0.0056098 9.8503971 
-0.0136903 -0.0815873 0.0454065 -0.2831309 -0.0149100 9.8549490 
0.1241034 -0.0583402 0.0572083 -0.2783383 -0.0118777 9.8543625 
-0.0134995 -0.0436863 0.0532427 -0.3063519 0.0095811 9.8472786 
0.0477209 -0.0891130 0.0665075 -0.2757138 0.0107341 9.8349724 
0.0775032 -0.0048459 -0.0018717 -0.2868959 0.0058071 9.8596220 
-0.0071936 0.0103945 -0.0450719 -0.2725010 -0.0078280 9.8381634 
0.0171052 0.0705148 0.0380740 -0.2743323 0.0137190 9.8566551 
0.1164479 0.0785453 0.0355886 -0.2609744 -0.0119955 9.8409653 
0.0541528 0.0561641 -0.0387474 -0.2869149 -0.0046220 9.8479910 
-0.0642551 0.0913493 0.2222078 -0.2850896 -0.0000041 9.8540773 
0.0165850 0.0480086 0.0076251 -0.2895784 0.0105854 9.8363142 
0.0549567 -0.0203708 0.0288876 -0.2902672 0.0265085 9.8426600 
0.0551441 0.0099432 0.0366756 -0.3003087 0.0072467 9.8465700 
0.0168740 -0.0206038 0.0374370 -0.2986174 0.0197917 9.8462114 
-0.0140019 -0.0129397 0.0155548 -0.2892707 0.0062423 9.8644648 
0.0848136 -0.0806610 -0.0101881 -0.2775878 0.0085532 9.8265352 
0.0028837 -0.0214744 0.1212393 -0.2839628 0.0078602 9.8518181 
-0.0136604 -0.0359947 0.0382036 -0.2971281 0.0057279 9.8609219 
0.0159868 -0.0505209 -0.0232892 -0.3033905 0.0103932 9.8412514 
-0.0064087 -0.0205156 0.0078023 -0.2851970 0.0160639 9.8568077 
0.0627048 0.0404177 0.0216304 -0.2744390 -0.0021743 9.8286791 
0.0622300 0.0254999 -0.0088084 -0.2829422 0.0060508 9.8307390 
0.0546268 -0.0962484 0.0132685 -0.2975525 -0.0157046 9.8592825 
0.0333130 0.0243752 0.1056145 -0.2949457 0.0133486 9.8442326 
0.0626840 -0.0204049 0.0287434 -0.3122171 -0.0036653 9.8512669 
0.0473801 -0.0584958 0.0364818 -0.3046612 0.0128762 9.8371105 
-0.0200848 -0.0519701 0.1216561 -0.2923720 -0.0056308 9.8420076 
0.1084962 -0.1266848 0.0420640 -0.2767982 -0.0081175 9.8279772 
0.0181360 -0.0442244 0.1207370 -0.2753648 -0.0104842 9.8495464 
-0.0750455 -0.1197767 0.0316396 -0.2742618 0.0055015 9.8540726 
-0.0150412 -0.0732171 -0.0528965 -0.2196041 0.0193342 9.8423853 
-0.0152090 0.0181657 -0.0826239 -0.2713958 -0.0067833 9.8898439 
0.1100495 0.0397313 0.1264317 -0.2426840 -0.0031083 9.8698072 
0.0457055 -0.0498711 -0.0771590 -0.2274063 0.0051078 9.8349686 
0.0101296 0.1081254 0.0763845 -0.2981612 0.0039947 9.8789301 
0.0392385 0.1243228 -0.0227224 -0.2906668 0.0200673 9.7944565 
0.0246250 -0.0054406 0.0449600 -0.2778848 0.0117045 9.7983608 
0.0095461 -0.0132065 0.0527935 -0.3002360 -0.0016014 9.9088802 
0.0695178 0.1550785 -0.0536578 -0.3154815 -0.0239118 9.8701153 
0.0470233 -0.0202429 0.0140027 -0.3341103 -0.0075112 9.7666845 
-0.0140095 0.0022530 0.0157110 -0.3064186 0.0120205 9.7794266 
-0.0069465 -0.0886170 -0.0154943 -0.2835426 0.0106893 9.8999510 
0.0242072 -0.0280272 0.0145504 -0.2838013 0.0288396 9.8258114 
0.0773218 0.0028486 -0.0168960 -0.2740897 0.0118904 9.8157473 
0.0159711 -0.0276774 -0.0307421 -0.2702820 -0.0030758 9.8845053 
0.0473490 0.0023675 0.0217424 -0.2439167 0.0005111 9.8692884 
0.0626512 -0.0736285 0.0359811 -0.2466365 0.0054158 9.8417749 
-0.0060408 -0.0587575 0.0378226 -0.2528024 -0.0029120 9.8831291 
0.0245682 -0.0358407 0.0371927 -0.2753995 0.0052560 9.8618946 
-0.0529092 -0.0051149 -0.0363562 -0.2714507 -0.0044110 9.8237963 
0.0019062 0.0779926 0.0385899 -0.2864080 -0.0002135 9.8408604 
0.0391588 0.0483098 -0.0232185 -0.2883892 0.0048998 9.8277664 
0.0624885 -0.0431140 0.0210550 -0.2694213 0.0048685 9.8558159 
-0.0071176 -0.0124703 -0.0376521 -0.2665019 -0.0001273 9.8418665 
0.1080600 -0.0123066 -0.0027295 -0.2694535 0.0124551 9.8607845 
-0.0061003 0.0857951 0.0160619 -0.2851473 -0.0009940 9.8468447 
0.0087250 0.0405029 -0.0073697 -0.2890116 0.0072162 9.8290262 
0.0245543 0.0326398 0.0300502 -0.2725122 0.0038360 9.8480186 
0.1916499 0.0263644 -0.0424955 -0.2961873 0.0087436 9.8369427 
0.0996071 -0.0726939 -0.0483980 -0.2822600 0.0110191 9.8446598 
0.0008508 -0.0202304 -0.0151795 -0.2971418 0.0010605 9.8560228 
-0.0914999 0.0329992 -0.0654740 -0.2810801 0.0012234 9.8324270 
0.0547273 -0.0278496 0.0137294 -0.2816538 -0.0052550 9.8292942 
-0.0443254 -0.0132290 0.0315132 -0.2802015 0.0068528 9.8667870 
0.0089912 -0.0357172 0.0224089 -0.2750510 0.0117346 9.8421974 
0.0316821 0.0101434 -0.0005802 -0.2906705 0.0091190 9.8465090 
-0.0449620 -0.0889111 0.0006882 -0.3028376 0.0174536 9.8438005 
-0.0385797 0.0868320 -0.1195735 -0.3167268 -0.0104364 9.8788185 
-0.0226357 0.0028205 -0.0522719 -0.3360521 -0.0065635 9.7535028 
-0.0532461 -0.1418025 -0.0373049 -0.3006497 0.0053706 9.8074684 
0.0389694 -0.1189113 -0.0092014 -0.2758357 0.0123519 9.8860807 
-0.0210658 -0.1274483 0.0681033 -0.1960404 0.0123898 9.8402023 
-0.0137062 -0.0663951 0.0380051 -0.2192775 0.0096746 9.8680248 
0.0471756 -0.0203158 0.0063610 -0.2667039 -0.0139050 9.9329185 
0.0318362 0.0404794 0.0072220 -0.2493725 0.0027550 9.8062973 
0.0786681 0.0400716 0.0742548 -0.2178957 0.0241752 9.8382692 
-0.0523815 -0.0206162 0.0013263 -0.2466125 -0.0056891 9.8980360 
-0.0144397 0.1089964 -0.0366324 -0.2627949 0.0130191 9.8637333 
-0.1128371 0.1156013 0.0342031 -0.2903440 -0.0023200 9.8066092 
-0.0058792 0.1389023 0.0239774 -0.3400645 0.0039093 9.8493071 
0.0770422 -0.0121569 -0.0322641 -0.3142236 0.0101775 9.8449678 
0.0625823 -0.0583702 0.0360618 -0.2841419 -0.0021687 9.8245764 
-0.0363008 0.0169943 0.0542459 -0.3047178 -0.0160177 9.8677654 
0.0089117 0.0175889 0.0076036 -0.2975819 -0.0116121 9.8611736 
0.0013394 0.0555158 0.0081258 -0.3040688 0.0006740 9.8248358 
0.0622847 -0.0657848 0.0132675 -0.3366251 0.0027158 9.8288145 
0.1148191 -0.1030107 -0.0489800 -0.3189413 -0.0186076 9.8281937 
0.0164155 -0.0431627 0.0070187 -0.2597734 0.0020082 9.8532581 
0.0086241 -0.0659248 -0.0005199 -0.2407210 -0.0087177 9.8798838 
0.0253493 0.0321444 0.0831174 -0.2344750 0.0168194 9.8635225 
-0.0816398 -0.0063670 0.0856897 -0.2670005 0.0165421 9.8668451 
-0.0211013 0.0627141 0.0315632 -0.2797077 0.0165615 9.8627682 
0.0174012 0.0550910 0.0532556 -0.2390733 -0.0029329 9.8667593 
0.0082139 0.0103503 -0.0453321 -0.2634404 0.0033684 9.8479080 
0.0618342 0.0561362 -0.0464196 -0.2288101 0.0145492 9.8844433 
0.0784389 0.1162689 0.0369158 -0.2951379 -0.0046287 9.8697004 
0.0320559 -0.0052966 0.0220986 -0.2908713 0.0149761 9.8298006 
-0.0146377 -0.0582303 -0.0225061 -0.3211812 0.0151746 9.8144884 
0.0300645 -0.0268941 -0.1144636 -0.3024148 0.0041421 9.8741627 
0.0626348 -0.0964345 0.0358156 -0.2893154 -0.0016772 9.8504725 
-0.0594708 0.0550662 0.0323853 -0.2789283 0.0141588 9.8176498 
0.0309503 0.0182130 -0.0535987 -0.2989097 0.0102171 9.8694506 
-0.0214073 -0.0131239 0.0309134 -0.2628726 0.0114925 9.8540878 
0.0323480 0.0021607 0.0447866 -0.2833072 -0.0126873 9.8387728 
0.0624283 -0.0126317 0.0136048 -0.2518909 0.0001853 9.8561468 
0.0089082 0.0175750 0.0076117 -0.2602305 -0.0013311 9.8658142 
-0.0768625 -0.0958116 -0.0895669 -0.3751540 -0.0175078 9.8816719 
-0.2201420 0.3435703 -0.0222358 -0.6017804 0.0272418 9.7551003 
0.5094271 -0.9060057 -0.0870437 0.1483386 0.0494562 9.4889431 
-0.3632367 0.1972005 0.1166733 -0.2670456 -0.0573616 10.3003941 
0.2317776 -0.0353824 0.0770033 -0.3286067 -0.0090793 10.1535902 
0.0395442 0.2457558 0.0011322 -0.3851460 0.0195988 9.4372549 
-0.0621287 -0.2247911 -0.0905907 -0.3210338 -0.0052271 9.6211739 
-0.0509648 -0.1963537 0.1059959 -0.1636632 -0.0062759 10.1826172 
0.1691104 0.0944471 -0.0338330 -0.1232227 0.0175324 9.9543486 
-0.1051311 0.1763928 0.0345659 -0.2713258 0.0310562 9.6815109 
-0.1131386 0.0397593 0.0184379 -0.3701016 -0.0175004 9.9050541 
0.0712779 0.1311838 0.0750099 -0.3780356 0.0215138 9.8061886 
0.0315943 -0.1191067 0.0213168 -0.3075879 0.0077932 9.7156525 
-0.0379748 0.0027928 -0.0670922 -0.1927837 -0.0149267 9.9670048 
0.0627833 -0.0432476 0.0360584 -0.2706148 0.0054185 9.9219446 
0.0402881 0.1236728 0.0531244 -0.3375502 0.0047220 9.7333183 
-0.0677160 -0.0967165 0.0164087 -0.3617642 -0.0044518 9.7790442 
-0.0000544 -0.0957322 -0.0687581 -0.3269638 -0.0093745 9.8813467 
0.0552649 -0.0738330 0.0589279 -0.2281729 0.0044417 9.8163300 
0.0080373 -0.1340241 -0.0312752 -0.2188653 0.0038437 9.9063616 
0.0929850 -0.0124912 0.0052271 -0.2724877 0.0090907 9.9184322 
-0.0070822 0.0102943 -0.0373851 -0.2918125 -0.0038663 9.7765417 
-0.0446732 0.0021660 0.0013720 -0.2337607 0.0229405 9.8804655 
0.0327710 0.0399305 0.0602249 -0.2894309 -0.0042246 9.8996992 
-0.0148098 0.1396210 -0.0666237 -0.2662086 0.0042833 9.8125048 
-0.0348752 0.0465338 0.1454504 -0.2782600 0.0105525 9.8199682 
-0.0587510 0.0394304 0.0777260 -0.2917975 -0.0142718 9.8953104 
0.1009417 0.1014204 0.0134397 -0.2920692 0.0131550 9.8297787 
-0.0063589 0.0250912 0.0081193 -0.2737250 -0.0164583 9.8271770 
-0.0222867 0.0178116 -0.0370289 -0.2904088 -0.0049515 9.8600349 
0.0155242 0.0486386 -0.0680811 -0.2974629 0.0124367 9.8328238 
0.0012290 0.0099495 0.0077817 -0.2794959 0.0123235 9.8194199 
-0.0069161 -0.0582291 -0.0152163 -0.2785887 0.0039274 9.8432741 
0.0693182 -0.0577851 -0.0323607 -0.2644969 0.0127177 9.8745604 
-0.0133268 0.0550945 0.0463236 -0.2372111 0.0096148 9.8862381 
-0.0522293 0.0933740 -0.0054312 -0.2789696 0.0027228 9.8654871 
0.0715411 0.0929735 0.0975307 -0.2745132 0.0067142 9.8300686 
0.0857275 0.1317276 0.0140614 -0.2796547 0.0052938 9.8589354 
-0.0364896 0.0551142 0.0318145 -0.2835723 0.0328278 9.8541365 
0.0394124 0.0785747 -0.0078521 -0.2779426 -0.0048811 9.8388767 
-0.0051501 0.1916939 0.0622926 -0.2882307 -0.0106726 9.8298483 
-0.0293612 0.0250492 0.0010946 -0.2914441 -0.0240312 9.8596506 
0.0781078 0.0632227 0.0214152 -0.2937475 0.0134369 9.8424149 
-0.0145694 0.0710153 -0.0443356 -0.2991767 0.0058447 9.8351021 
0.0004717 0.0560262 -0.0600082 -0.3111307 -0.0038464 9.8374262 
0.0319121 -0.0356394 0.0143481 -0.2786809 0.0130030 9.8404503 
0.0156211 -0.0046767 -0.0608153 -0.2746526 0.0107279 9.8812246 
-0.0982204 -0.0207991 0.0100188 -0.2723995 0.0046160 9.8618603 
0.0092719 0.0249753 0.0379233 -0.2847726 0.0193347 9.8436623 
-0.0832783 -0.0205286 -0.0130773 -0.2750915 -0.0276864 9.8648252 
0.0544333 -0.0352602 -0.0015665 -0.2807726 -0.0014559 9.8636227 
-0.0063258 0.0707310 0.0083118 -0.2767383 0.0054905 9.8505049 
0.0853499 0.0482958 -0.0016468 -0.2577473 -0.0206168 9.8533669 
0.0316298 0.0406018 -0.0154851 -0.2803058 -0.0020971 9.8461666 
-0.0066190 0.0708815 -0.0218666 -0.2968242 0.0129574 9.8364305 
0.0000275 -0.0121471 -0.0756591 -0.2980201 0.0047846 9.8296633 
0.0553503 -0.0358359 0.0515749 -0.3026410 -0.0033746 9.8433628 
0.0787908 0.0476118 0.0742996 -0.2943679 0.0244641 9.8522682 
-0.0452377 -0.0050824 -0.0365791 -0.3057459 0.0107854 9.8478947 
0.0085334 -0.0126348 -0.0152535 -0.2941788 -0.0138324 9.8352499 
0.0933382 -0.0583653 0.0428744 -0.2870888 -0.0081370 9.8250799 
-0.0676186 -0.1424229 0.0236753 -0.2377474 -0.0097056 9.8738213 
-0.0295390 -0.0128860 -0.0067006 -0.2638329 -0.0001851 9.8676739 
0.0469144 -0.0125712 -0.0011104 -0.2743878 0.0110023 9.8475828 
0.1240002 -0.0126450 0.0423759 -0.2773794 0.0051018 9.8444872 
0.0626202 0.0556945 0.0141010 -0.2682861 0.0172439 9.8608704 
0.0542634 0.0408711 -0.0312519 -0.2581850 0.0177453 9.8451538 
-0.0740414 0.0621709 0.0783077 -0.2895233 0.0197634 9.8503218 
0.0232905 -0.0730790 -0.0388760 -0.3182080 -0.0067859 9.8536711 
0.0250840 0.0323184 0.0679211 -0.3093337 0.0036418 9.8453836 
0.0017117 -0.0207371 0.0454091 -0.3227839 0.0116001 9.8342676 
0.0775094 -0.1189306 0.0200790 -0.2651235 0.0173569 9.8133698 
0.0016893 -0.0815774 0.0525716 -0.2783947 0.0126730 9.8722982 
-0.0147474 -0.1493826 -0.0081879 -0.2880271 -0.0049613 9.8588171 
0.0321385 -0.0357325 0.0444792 -0.2934040 0.0157141 9.8208399 
0.0091174 -0.0357689 0.0374842 -0.2845367 -0.0039954 9.8461819 
0.0552546 -0.0585537 0.0588550 -0.2561167 -0.0022399 9.8549442 
0.0467765 -0.0733195 0.0059527 -0.2752495 0.0238176 9.8346443 
0.0247778 -0.0207202 0.0599105 -0.2548237 0.0027572 9.8688555 
0.0626121 -0.0355372 0.0360881 -0.2815577 0.0030911 9.8493042 
-0.0215911 0.0858708 0.0087878 -0.2797118 0.0175301 9.8670111 
-0.0752985 0.0325409 0.0022121 -0.2670470 0.0094939 9.8589039 
0.0631008 0.0250201 0.0592233 -0.2815656 0.0007889 9.8462524 
0.0164132 0.0937656 -0.0072869 -0.2829602 0.0071149 9.8325758 
-0.0066319 0.0632874 -0.0143810 -0.2857777 0.0014016 9.8463001 
0.0162673 -0.0354691 -0.0005038 -0.2909169 0.0249018 9.8360214 
-0.0286325 0.0170111 0.0540390 -0.2863586 0.0065648 9.8536234 
0.0234288 -0.0199280 -0.0384857 -0.2773439 0.0096288 9.8529949 
0.0939937 0.0401398 0.0737977 -0.2867979 -0.0008688 9.8636904 
0.0392120 -0.0961946 0.0135489 -0.2646317 -0.0026869 9.8472090 
0.0558923 0.0247167 0.0897565 -0.2754546 0.0087590 9.8619776 
0.0238337 -0.0962009 0.0063450 -0.2845769 0.0036705 9.8493462 
0.0008009 -0.0886340 -0.0005821 -0.2786506 0.0109815 9.8452301 
-0.0531548 -0.0505555 -0.0368209 -0.2822012 0.0084399 9.8500214 
-0.0696022 0.0109051 -0.1344148 -0.3087424 0.0013665 9.8417244 
0.0175230 -0.1046759 0.0975247 -0.2860814 0.0080694 9.8206005 
0.0547725 -0.0202651 0.0137598 -0.2872797 -0.0052676 9.8720169 
0.0315572 -0.0582093 -0.0010893 -0.2675700 0.0076254 9.8636703 
-0.0290162 -0.0436160 0.0385025 -0.2515739 0.0068086 9.8322430 
0.0703871 0.0708631 0.0215848 -0.2613915 -0.0119144 9.8601990 
-0.0064374 0.0403591 0.0006128 -0.2641919 0.0013500 9.8322582 
0.0779123 0.0709623 0.0138204 -0.2883270 0.0041000 9.8343630 
-0.0287596 -0.0361538 0.0536948 -0.3037591 0.0073541 9.8640318 
0.0239121 -0.0886754 0.0065098 -0.2736849 -0.0067147 9.8412018 
0.0401067 -0.0359214 0.0594991 -0.2754997 -0.0061323 9.8412323 
-0.0748205 0.0474424 0.0251588 -0.3225141 0.0044912 9.8551474 
0.0625954 -0.0355585 0.0286417 -0.3140406 0.0334671 9.8226099 
0.0395011 -0.0203389 0.0141765 -0.2874402 0.0015940 9.8613415 
0.1161523 -0.0581857 0.0346764 -0.2972232 -0.0021765 9.8439360 
0.0089751 -0.0509255 0.0223247 -0.2968230 0.0140821 9.8382597 
-0.0143075 -0.0583996 0.0000999 -0.2820376 0.0034268 9.8607254 
-0.0300994 -0.0885867 -0.0300230 -0.2702130 0.0128974 9.8445759 
-0.0216966 -0.0053517 0.0082469 -0.2740029 -0.0034455 9.8743229 
0.0536560 -0.1108722 -0.0474504 -0.2678127 0.0123685 9.8427382 
-0.0214100 -0.0511675 0.0382661 -0.2313448 -0.0107986 9.8491001 
-0.0143486 -0.0355581 -0.0073243 -0.2644425 0.0143096 9.8818045 
-0.0301138 0.0483121 -0.0517699 -0.2641959 0.0100771 9.8402500 
0.0546069 0.0026493 -0.0012423 -0.2839006 -0.0039914 9.8479719 
0.0014649 0.0554491 0.0156753 -0.2643268 0.0017255 9.8184462 
0.0084234 -0.0810128 -0.0081895 -0.2854091 -0.0066455 9.8136797 
0.0003726 -0.1112182 -0.0309291 -0.2944622 0.0130595 9.8322067 
0.0545370 -0.0277165 0.0060839 -0.2782066 0.0149270 9.8320866 
0.0764285 -0.1867129 -0.0410844 -0.2809626 0.0292891 9.8732738 
